0 0.035156 0.986719 0.026562 0.020313
0 0.956250 0.925000 0.028125 0.031250
0 0.896094 0.932031 0.029687 0.026562
0 0.766406 0.922656 0.039062 0.035937
0 0.836719 0.928906 0.029687 0.029687
0 0.710938 0.922656 0.018750 0.020313
0 0.646094 0.912500 0.035937 0.031250
0 0.401562 0.916406 0.031250 0.029687
0 0.587500 0.913281 0.028125 0.026562
0 0.522656 0.912500 0.023438 0.025000
0 0.345313 0.911719 0.021875 0.023438
0 0.159375 0.907031 0.031250 0.035937
0 0.462500 0.911719 0.025000 0.026562
0 0.212500 0.909375 0.021875 0.025000
0 0.095312 0.904687 0.043750 0.034375
0 0.032031 0.900781 0.039062 0.035937
0 0.905469 0.839063 0.032813 0.034375
0 0.963281 0.837500 0.029687 0.028125
0 0.842187 0.839844 0.028125 0.023438
0 0.712500 0.836719 0.025000 0.020313
0 0.778125 0.835156 0.015625 0.020313
0 0.659375 0.831250 0.025000 0.021875
0 0.589844 0.828125 0.029687 0.025000
0 0.347656 0.827344 0.017188 0.023438
0 0.528906 0.823438 0.020313 0.025000
0 0.468750 0.823438 0.025000 0.025000
0 0.408594 0.823438 0.026562 0.025000
0 0.157031 0.821094 0.023438 0.020313
0 0.284375 0.818750 0.018750 0.021875
0 0.221094 0.819531 0.020313 0.026562
0 0.096875 0.815625 0.025000 0.025000
0 0.032813 0.807813 0.025000 0.025000
0 0.849219 0.756250 0.029687 0.034375
0 0.791406 0.751563 0.032813 0.028125
0 0.725000 0.747656 0.021875 0.020313
0 0.662500 0.744531 0.031250 0.023438
0 0.609375 0.739844 0.025000 0.026562
0 0.539062 0.735938 0.021875 0.018750
0 0.417187 0.734375 0.028125 0.025000
0 0.476562 0.732031 0.025000 0.023438
0 0.352344 0.732031 0.026562 0.023438
0 0.165625 0.733594 0.025000 0.029687
0 0.293750 0.730469 0.025000 0.026562
0 0.102344 0.730469 0.026562 0.026562
0 0.225000 0.728906 0.028125 0.026562
0 0.039844 0.720313 0.029687 0.031250
0 0.799219 0.657031 0.026562 0.023438
0 0.975781 0.660937 0.029687 0.031250
0 0.726562 0.655469 0.025000 0.023438
0 0.669531 0.653906 0.029687 0.023438
0 0.608594 0.646875 0.026562 0.025000
0 0.542188 0.646875 0.031250 0.028125
0 0.358594 0.646094 0.029687 0.023438
0 0.479687 0.644531 0.034375 0.023438
0 0.296094 0.643750 0.029687 0.025000
0 0.420312 0.643750 0.031250 0.028125
0 0.234375 0.642188 0.031250 0.025000
0 0.170313 0.641406 0.028125 0.026562
0 0.104688 0.637500 0.031250 0.028125
0 0.044531 0.630469 0.032813 0.026562
0 0.983594 0.568750 0.023438 0.021875
0 0.915625 0.574219 0.028125 0.026562
0 0.849219 0.568750 0.023438 0.021875
0 0.796875 0.565625 0.018750 0.018750
0 0.671875 0.564063 0.021875 0.021875
0 0.732812 0.564063 0.021875 0.025000
0 0.610156 0.561719 0.026562 0.020313
0 0.548438 0.556250 0.028125 0.025000
0 0.483594 0.555469 0.023438 0.023438
0 0.420312 0.556250 0.031250 0.025000
0 0.172656 0.553906 0.026562 0.026562
0 0.357812 0.553906 0.034375 0.029687
0 0.295312 0.550781 0.028125 0.029687
0 0.235937 0.550000 0.028125 0.028125
0 0.108594 0.547656 0.032813 0.029687
0 0.051562 0.545312 0.034375 0.025000
0 0.981250 0.484375 0.025000 0.018750
0 0.911719 0.483594 0.032813 0.026562
0 0.851562 0.480469 0.025000 0.023438
0 0.789844 0.478906 0.026562 0.023438
0 0.734375 0.476562 0.025000 0.025000
0 0.671875 0.471875 0.028125 0.021875
0 0.418750 0.469531 0.025000 0.023438
0 0.607031 0.467969 0.029687 0.023438
0 0.361719 0.464844 0.029687 0.029687
0 0.546875 0.462500 0.031250 0.028125
0 0.485938 0.462500 0.028125 0.028125
0 0.236719 0.461719 0.032813 0.026562
0 0.172656 0.463281 0.035937 0.029687
0 0.304688 0.459375 0.025000 0.028125
0 0.114062 0.457813 0.037500 0.028125
0 0.057813 0.447656 0.031250 0.020313
0 0.921094 0.398438 0.020313 0.021875
0 0.862500 0.393750 0.021875 0.018750
0 0.803906 0.386719 0.026562 0.023438
0 0.738281 0.378906 0.032813 0.032813
0 0.678906 0.378125 0.039062 0.040625
0 0.616406 0.379688 0.026562 0.021875
0 0.563281 0.377344 0.023438 0.023438
0 0.374219 0.378906 0.029687 0.029687
0 0.434375 0.376563 0.018750 0.028125
0 0.497656 0.374219 0.029687 0.026562
0 0.310937 0.371094 0.028125 0.023438
0 0.254688 0.370312 0.037500 0.025000
0 0.184375 0.371875 0.034375 0.028125
0 0.122656 0.371094 0.032813 0.029687
0 0.016406 0.367188 0.029687 0.028125
0 0.065625 0.362500 0.031250 0.031250
0 0.922656 0.309375 0.023438 0.021875
0 0.864844 0.304688 0.020313 0.018750
0 0.809375 0.298438 0.034375 0.031250
0 0.676562 0.292187 0.031250 0.028125
0 0.744531 0.290625 0.032813 0.037500
0 0.627344 0.286719 0.029687 0.026562
0 0.568750 0.282031 0.034375 0.032813
0 0.436719 0.287500 0.023438 0.018750
0 0.378125 0.285938 0.018750 0.018750
0 0.506250 0.284375 0.021875 0.021875
0 0.324219 0.283594 0.017188 0.020313
0 0.195312 0.286719 0.025000 0.026562
0 0.265625 0.278125 0.034375 0.031250
0 0.135937 0.281250 0.028125 0.025000
0 0.068750 0.277344 0.034375 0.026562
0 0.017969 0.271094 0.032813 0.035937
0 0.965625 0.209375 0.031250 0.037500
0 0.830469 0.212500 0.023438 0.018750
0 0.892188 0.208594 0.034375 0.039062
0 0.768750 0.208594 0.025000 0.020313
0 0.717187 0.201563 0.015625 0.015625
0 0.657813 0.196875 0.018750 0.012500
0 0.595313 0.185938 0.028125 0.028125
0 0.464844 0.192188 0.023438 0.021875
0 0.393750 0.192188 0.028125 0.025000
0 0.280469 0.189062 0.023438 0.021875
0 0.531250 0.185938 0.018750 0.018750
0 0.321875 0.189062 0.031250 0.025000
0 0.153906 0.185156 0.029687 0.023438
0 0.015625 0.173437 0.028125 0.028125
0 0.221094 0.182812 0.026562 0.028125
0 0.088281 0.178906 0.023438 0.023438
0 0.838281 0.125781 0.017188 0.017188
0 0.896875 0.114844 0.028125 0.032813
0 0.771094 0.120313 0.023438 0.018750
0 0.972656 0.115625 0.029687 0.031250
0 0.722656 0.116406 0.023438 0.023438
0 0.660156 0.107031 0.026562 0.020313
0 0.600000 0.104688 0.021875 0.021875
0 0.471094 0.102344 0.035937 0.035937
0 0.400000 0.102344 0.034375 0.029687
0 0.332813 0.103125 0.028125 0.031250
0 0.268750 0.097656 0.034375 0.026562
0 0.159375 0.087500 0.034375 0.031250
0 0.535156 0.094531 0.026562 0.023438
0 0.226562 0.093750 0.031250 0.025000
0 0.089844 0.090625 0.026562 0.021875
0 0.018750 0.085156 0.034375 0.039062
0 0.845313 0.035156 0.031250 0.029687
0 0.786719 0.027344 0.032813 0.026562
0 0.978125 0.032031 0.028125 0.023438
0 0.728125 0.024219 0.028125 0.023438
0 0.671094 0.016406 0.020313 0.029687
0 0.603906 0.012500 0.029687 0.021875
0 0.538281 0.007031 0.020313 0.010937
0 0.474219 0.008594 0.020313 0.014063
0 0.406250 0.014844 0.028125 0.026562
0 0.339844 0.014063 0.026562 0.025000
0 0.287500 0.012500 0.025000 0.021875
0 0.228906 0.010937 0.026562 0.018750
0 0.163281 0.007812 0.029687 0.012500
0 0.098437 0.005469 0.021875 0.007812
0 0.035156 0.005469 0.039062 0.007812
0 0.907813 0.660937 0.031250 0.034375
0 0.962500 0.750781 0.037500 0.039062
0 0.908594 0.753906 0.032813 0.035937
0 0.912500 0.035937 0.031250 0.031250