0 0.242188 0.907031 0.028125 0.026562
0 0.361719 0.903125 0.029687 0.031250
0 0.050781 0.900781 0.026562 0.035937
0 0.299219 0.901563 0.029687 0.025000
0 0.111719 0.903906 0.023438 0.026562
0 0.169531 0.899219 0.035937 0.029687
0 0.242188 0.821094 0.025000 0.023438
0 0.301563 0.821094 0.025000 0.026562
0 0.178906 0.819531 0.020313 0.023438
0 0.357812 0.819531 0.021875 0.026562
0 0.053125 0.815625 0.021875 0.025000
0 0.117969 0.814844 0.020313 0.026562
0 0.228906 0.722656 0.042188 0.035937
0 0.355469 0.724219 0.026562 0.026562
0 0.178906 0.721094 0.020313 0.020313
0 0.117188 0.720313 0.025000 0.021875
0 0.296094 0.721094 0.026562 0.029687
0 0.052344 0.718750 0.029687 0.031250
0 0.121875 0.640625 0.028125 0.025000
0 0.064844 0.636719 0.023438 0.020313
0 0.185156 0.637500 0.023438 0.025000
0 0.242969 0.635156 0.023438 0.023438
0 0.300000 0.637500 0.037500 0.031250
0 0.377344 0.555469 0.017188 0.023438
0 0.313281 0.552344 0.023438 0.023438
0 0.123438 0.550781 0.021875 0.020313
0 0.249219 0.552344 0.026562 0.026562
0 0.183594 0.550000 0.029687 0.028125
0 0.060156 0.544531 0.026562 0.026562
0 0.260156 0.485938 0.039062 0.040625
0 0.321875 0.489844 0.025000 0.026562
0 0.375000 0.487500 0.021875 0.025000
0 0.196094 0.482812 0.023438 0.021875
0 0.135937 0.478906 0.025000 0.026562
0 0.075000 0.473438 0.025000 0.031250
0 0.379688 0.400781 0.012500 0.020313
0 0.325000 0.398438 0.028125 0.021875
0 0.267969 0.396094 0.045312 0.042188
0 0.135937 0.388281 0.028125 0.029687
0 0.070312 0.391406 0.031250 0.032813
0 0.205469 0.387500 0.029687 0.028125
0 0.012500 0.388281 0.021875 0.020313
0 0.272656 0.307031 0.029687 0.026562
0 0.212500 0.307031 0.025000 0.017188
0 0.328906 0.309375 0.026562 0.025000
0 0.019531 0.296875 0.029687 0.031250
0 0.146094 0.297656 0.032813 0.029687
0 0.082812 0.297656 0.034375 0.032813
0 0.332813 0.221875 0.018750 0.021875
0 0.271875 0.214062 0.028125 0.031250
0 0.085938 0.206250 0.043750 0.031250
0 0.150000 0.209375 0.034375 0.040625
0 0.213281 0.211719 0.020313 0.023438
0 0.025781 0.207813 0.035937 0.043750
0 0.085938 0.122656 0.031250 0.029687
0 0.272656 0.132031 0.026562 0.026562
0 0.214062 0.127344 0.034375 0.035937
0 0.029687 0.119531 0.018750 0.020313
0 0.146875 0.035156 0.031250 0.035937
0 0.278906 0.040625 0.026562 0.025000
0 0.330469 0.038281 0.029687 0.023438
0 0.217188 0.034375 0.028125 0.025000
0 0.090625 0.023438 0.040625 0.037500
0 0.032813 0.025000 0.021875 0.018750