0 0.050000 0.336719 0.034375 0.032813
0 0.184375 0.340625 0.031250 0.025000
0 0.108594 0.336719 0.029687 0.029687
0 0.190625 0.256250 0.025000 0.021875
0 0.060156 0.257812 0.026562 0.028125
0 0.131250 0.256250 0.021875 0.021875
0 0.057813 0.167187 0.031250 0.037500
0 0.202344 0.167969 0.023438 0.023438
0 0.135937 0.161719 0.021875 0.023438
0 0.283594 0.085156 0.014063 0.014063
0 0.346875 0.080469 0.021875 0.014063
0 0.087500 0.071875 0.018750 0.009375
0 0.221094 0.075781 0.023438 0.020313
0 0.157812 0.069531 0.021875 0.023438
0 0.026562 0.068750 0.028125 0.028125
0 0.371875 0.171875 0.028125 0.031250
0 0.309375 0.173437 0.031250 0.028125
0 0.254688 0.178125 0.025000 0.021875
0 0.237500 0.347656 0.031250 0.032813