0 0.979688 0.986719 0.031250 0.020313
0 0.799219 0.985938 0.026562 0.025000
0 0.927344 0.985156 0.029687 0.026562
0 0.431250 0.969531 0.037500 0.029687
0 0.733594 0.982031 0.026562 0.026562
0 0.674219 0.977344 0.023438 0.026562
0 0.485938 0.975781 0.021875 0.023438
0 0.547656 0.972656 0.023438 0.023438
0 0.119531 0.966406 0.014063 0.014063
0 0.178906 0.964063 0.026562 0.018750
0 0.360938 0.965625 0.025000 0.025000
0 0.299219 0.966406 0.026562 0.026562
0 0.241406 0.967969 0.023438 0.029687
0 0.051562 0.955469 0.025000 0.023438
0 0.930469 0.903125 0.032813 0.034375
0 0.860938 0.901563 0.018750 0.021875
0 0.799219 0.900781 0.020313 0.023438
0 0.733594 0.896875 0.026562 0.021875
0 0.675000 0.885156 0.028125 0.029687
0 0.550000 0.882031 0.034375 0.029687
0 0.488281 0.875000 0.023438 0.034375
0 0.428906 0.878906 0.029687 0.029687
0 0.303906 0.876563 0.035937 0.028125
0 0.366406 0.879687 0.020313 0.018750
0 0.185156 0.882812 0.020313 0.025000
0 0.245312 0.879687 0.021875 0.025000
0 0.117188 0.878125 0.025000 0.025000
0 0.053906 0.871094 0.026562 0.023438
0 0.944531 0.817187 0.014063 0.025000
0 0.880469 0.814844 0.017188 0.023438
0 0.746875 0.813281 0.028125 0.032813
0 0.814063 0.807813 0.028125 0.025000
0 0.690625 0.802344 0.031250 0.035937
0 0.572656 0.802344 0.032813 0.032813
0 0.440625 0.789844 0.031250 0.032813
0 0.185156 0.800781 0.023438 0.026562
0 0.496875 0.792969 0.028125 0.026562
0 0.316406 0.792969 0.017188 0.020313
0 0.118750 0.793750 0.021875 0.021875
0 0.067187 0.788281 0.015625 0.026562
0 0.882031 0.721094 0.032813 0.032813
0 0.937500 0.721094 0.031250 0.032813
0 0.821875 0.718750 0.018750 0.021875
0 0.752344 0.716406 0.020313 0.020313
0 0.695312 0.711719 0.018750 0.020313
0 0.633594 0.710938 0.026562 0.025000
0 0.571094 0.708594 0.020313 0.020313
0 0.505469 0.707031 0.029687 0.026562
0 0.386719 0.705469 0.023438 0.026562
0 0.320312 0.703125 0.034375 0.025000
0 0.446875 0.705469 0.028125 0.032813
0 0.200000 0.702344 0.018750 0.026562
0 0.136719 0.700000 0.020313 0.021875
0 0.071094 0.695312 0.023438 0.021875
0 0.266406 0.696875 0.026562 0.028125
0 0.014063 0.685156 0.025000 0.020313
0 0.880469 0.635156 0.014063 0.017188
0 0.757031 0.636719 0.026562 0.020313
0 0.820312 0.635156 0.021875 0.023438
0 0.942187 0.632031 0.021875 0.020313
0 0.696875 0.630469 0.018750 0.020313
0 0.628906 0.630469 0.023438 0.023438
0 0.568750 0.632031 0.028125 0.026562
0 0.495312 0.628125 0.031250 0.028125
0 0.441406 0.628125 0.029687 0.028125
0 0.307812 0.615625 0.028125 0.018750
0 0.374219 0.618750 0.029687 0.028125
0 0.122656 0.615625 0.023438 0.021875
0 0.002344 0.607812 0.001563 0.006250
0 0.241406 0.614844 0.029687 0.026562
0 0.059375 0.613281 0.031250 0.023438
0 0.182812 0.614844 0.028125 0.029687
0 0.885938 0.544531 0.025000 0.020313
0 0.764844 0.538281 0.023438 0.026562
0 0.828125 0.539844 0.018750 0.017188
0 0.699219 0.542188 0.026562 0.025000
0 0.629687 0.539844 0.025000 0.023438
0 0.500781 0.542188 0.029687 0.028125
0 0.440625 0.540625 0.028125 0.034375
0 0.381250 0.531250 0.021875 0.025000
0 0.321094 0.530469 0.029687 0.029687
0 0.193750 0.523438 0.018750 0.021875
0 0.128125 0.525781 0.018750 0.026562
0 0.065625 0.525000 0.028125 0.025000
0 0.009375 0.524219 0.015625 0.023438
0 0.249219 0.522656 0.023438 0.023438
0 0.955469 0.457031 0.020313 0.023438
0 0.833594 0.454688 0.014063 0.021875
0 0.771875 0.454688 0.025000 0.025000
0 0.892969 0.454688 0.023438 0.028125
0 0.707031 0.451562 0.020313 0.021875
0 0.581250 0.454688 0.031250 0.028125
0 0.644531 0.453906 0.026562 0.029687
0 0.512500 0.452344 0.028125 0.026562
0 0.453125 0.448437 0.031250 0.031250
0 0.258594 0.439844 0.017188 0.023438
0 0.389844 0.442188 0.032813 0.031250
0 0.201563 0.439063 0.025000 0.025000
0 0.331250 0.436719 0.021875 0.023438
0 0.076563 0.437500 0.028125 0.025000
0 0.137500 0.435156 0.021875 0.023438
0 0.011719 0.434375 0.020313 0.025000
0 0.704688 0.364063 0.037500 0.031250
0 0.830469 0.367969 0.020313 0.023438
0 0.960156 0.365625 0.020313 0.021875
0 0.890625 0.366406 0.028125 0.023438
0 0.453906 0.364063 0.020313 0.018750
0 0.766406 0.365625 0.023438 0.025000
0 0.582812 0.364844 0.021875 0.026562
0 0.517188 0.363281 0.028125 0.023438
0 0.636719 0.364844 0.032813 0.029687
0 0.389062 0.357812 0.018750 0.025000
0 0.330469 0.350000 0.020313 0.025000
0 0.271094 0.347656 0.026562 0.026562
0 0.078906 0.346094 0.032813 0.023438
0 0.016406 0.346875 0.029687 0.025000
0 0.142969 0.348438 0.026562 0.031250
0 0.200781 0.347656 0.035937 0.032813
0 0.769531 0.275781 0.035937 0.032813
0 0.834375 0.278125 0.034375 0.034375
0 0.890625 0.273438 0.040625 0.034375
0 0.707812 0.278125 0.025000 0.021875
0 0.645312 0.277344 0.021875 0.023438
0 0.584375 0.275781 0.021875 0.023438
0 0.521875 0.275000 0.025000 0.021875
0 0.957812 0.275000 0.021875 0.025000
0 0.455469 0.271094 0.029687 0.023438
0 0.386719 0.264844 0.026562 0.026562
0 0.015625 0.256250 0.015625 0.012500
0 0.143750 0.260937 0.025000 0.025000
0 0.330469 0.260156 0.020313 0.026562
0 0.270313 0.259375 0.025000 0.025000
0 0.077344 0.256250 0.026562 0.025000
0 0.207031 0.256250 0.032813 0.031250
0 0.957031 0.184375 0.032813 0.028125
0 0.766406 0.182812 0.029687 0.034375
0 0.711719 0.188281 0.020313 0.023438
0 0.900781 0.182812 0.029687 0.040625
0 0.839063 0.182031 0.028125 0.026562
0 0.525000 0.185156 0.025000 0.020313
0 0.584375 0.179688 0.031250 0.037500
0 0.460938 0.181250 0.025000 0.025000
0 0.089063 0.162500 0.037500 0.034375
0 0.386719 0.167187 0.023438 0.025000
0 0.212500 0.169531 0.025000 0.029687
0 0.330469 0.168750 0.029687 0.031250
0 0.267969 0.163281 0.020313 0.023438
0 0.144531 0.163281 0.029687 0.026562
0 0.846094 0.095312 0.026562 0.028125
0 0.966406 0.099219 0.020313 0.023438
0 0.783594 0.092188 0.032813 0.028125
0 0.658594 0.095312 0.029687 0.025000
0 0.906250 0.097656 0.025000 0.026562
0 0.723437 0.095312 0.021875 0.021875
0 0.532813 0.096094 0.031250 0.023438
0 0.468750 0.090625 0.046875 0.025000
0 0.280469 0.083594 0.032813 0.023438
0 0.092969 0.078125 0.032813 0.031250
0 0.400781 0.085156 0.026562 0.029687
0 0.028906 0.073438 0.023438 0.028125
0 0.217188 0.081250 0.028125 0.025000
0 0.340625 0.080469 0.025000 0.026562
0 0.152344 0.078125 0.026562 0.021875
0 0.596094 0.097656 0.032813 0.032813
0 0.619531 0.887500 0.035937 0.034375
0 0.616406 0.974219 0.039062 0.035937