0 0.479687 0.986719 0.031250 0.020313
0 0.600000 0.985156 0.025000 0.010937
0 0.299219 0.985938 0.026562 0.025000
0 0.427344 0.985156 0.029687 0.026562
0 0.233594 0.982031 0.026562 0.026562
0 0.539844 0.980469 0.029687 0.029687
0 0.174219 0.977344 0.023438 0.026562
0 0.047656 0.972656 0.023438 0.023438
0 0.922656 0.917969 0.020313 0.029687
0 0.980469 0.914844 0.020313 0.026562
0 0.853906 0.912500 0.023438 0.025000
0 0.603125 0.905469 0.018750 0.017188
0 0.430469 0.903125 0.032813 0.034375
0 0.732031 0.907813 0.023438 0.025000
0 0.792188 0.908594 0.028125 0.029687
0 0.490625 0.904687 0.018750 0.025000
0 0.666406 0.903906 0.023438 0.026562
0 0.360938 0.901563 0.018750 0.021875
0 0.299219 0.900781 0.020313 0.023438
0 0.233594 0.896875 0.026562 0.021875
0 0.550000 0.898438 0.025000 0.028125
0 0.175000 0.885156 0.028125 0.029687
0 0.050000 0.882031 0.034375 0.029687
0 0.927344 0.822656 0.029687 0.029687
0 0.859375 0.824219 0.025000 0.023438
0 0.621094 0.814844 0.035937 0.029687
0 0.680469 0.817187 0.026562 0.028125
0 0.564063 0.814844 0.028125 0.026562
0 0.444531 0.817187 0.014063 0.025000
0 0.380469 0.814844 0.017188 0.023438
0 0.246875 0.813281 0.028125 0.032813
0 0.314063 0.807813 0.028125 0.025000
0 0.190625 0.802344 0.031250 0.035937
0 0.072656 0.802344 0.032813 0.032813
0 0.758594 0.728906 0.029687 0.023438
0 0.814844 0.727344 0.026562 0.026562
0 0.929688 0.735156 0.025000 0.023438
0 0.875000 0.732031 0.021875 0.023438
0 0.691406 0.729688 0.026562 0.021875
0 0.382031 0.721094 0.032813 0.032813
0 0.621875 0.725781 0.021875 0.020313
0 0.437500 0.721094 0.031250 0.032813
0 0.566406 0.723437 0.017188 0.018750
0 0.321875 0.718750 0.018750 0.021875
0 0.252344 0.716406 0.020313 0.020313
0 0.195312 0.711719 0.018750 0.020313
0 0.133594 0.710938 0.026562 0.025000
0 0.071094 0.708594 0.020313 0.020313
0 0.980469 0.653125 0.029687 0.021875
0 0.912500 0.649219 0.025000 0.023438
0 0.608594 0.646875 0.023438 0.018750
0 0.563281 0.642188 0.026562 0.034375
0 0.857812 0.646875 0.025000 0.025000
0 0.669531 0.647656 0.023438 0.026562
0 0.725781 0.646875 0.029687 0.028125
0 0.802344 0.642188 0.026562 0.025000
0 0.380469 0.635156 0.014063 0.017188
0 0.257031 0.636719 0.026562 0.020313
0 0.320312 0.635156 0.021875 0.023438
0 0.509375 0.633594 0.021875 0.023438
0 0.442188 0.632031 0.021875 0.020313
0 0.196875 0.630469 0.018750 0.020313
0 0.128906 0.630469 0.023438 0.023438
0 0.068750 0.632031 0.028125 0.026562
0 0.742969 0.559375 0.023438 0.021875
0 0.677344 0.553906 0.035937 0.029687
0 0.618750 0.550000 0.031250 0.034375
0 0.925000 0.554688 0.025000 0.025000
0 0.861719 0.546875 0.035937 0.031250
0 0.512500 0.546094 0.021875 0.023438
0 0.385937 0.544531 0.025000 0.020313
0 0.264844 0.538281 0.023438 0.026562
0 0.571094 0.544531 0.026562 0.023438
0 0.328125 0.539844 0.018750 0.017188
0 0.199219 0.542188 0.026562 0.025000
0 0.129688 0.539844 0.025000 0.023438
0 0.684375 0.472656 0.028125 0.026562
0 0.631250 0.468750 0.015625 0.018750
0 0.933594 0.471875 0.029687 0.028125
0 0.813281 0.471094 0.035937 0.029687
0 0.517188 0.458594 0.040625 0.035937
0 0.752344 0.469531 0.026562 0.029687
0 0.875000 0.466406 0.031250 0.029687
0 0.575781 0.463281 0.023438 0.026562
0 0.455469 0.457031 0.020313 0.023438
0 0.333594 0.454688 0.014063 0.021875
0 0.271875 0.454688 0.025000 0.025000
0 0.392969 0.454688 0.023438 0.028125
0 0.207031 0.451562 0.020313 0.021875
0 0.081250 0.454688 0.031250 0.028125
0 0.144531 0.453906 0.026562 0.029687
0 0.748437 0.378125 0.028125 0.028125
0 0.984375 0.380469 0.025000 0.026562
0 0.810156 0.380469 0.032813 0.026562
0 0.928125 0.379688 0.025000 0.028125
0 0.639844 0.377344 0.020313 0.023438
0 0.878125 0.376563 0.021875 0.025000
0 0.689063 0.377344 0.031250 0.032813
0 0.204687 0.364063 0.037500 0.031250
0 0.521094 0.366406 0.020313 0.020313
0 0.330469 0.367969 0.020313 0.023438
0 0.580469 0.367969 0.023438 0.026562
0 0.460156 0.365625 0.020313 0.021875
0 0.390625 0.366406 0.028125 0.023438
0 0.266406 0.365625 0.023438 0.025000
0 0.082812 0.364844 0.021875 0.026562
0 0.017188 0.363281 0.028125 0.023438
0 0.136719 0.364844 0.032813 0.029687
0 0.934375 0.293750 0.034375 0.034375
0 0.816406 0.288281 0.035937 0.035937
0 0.698438 0.291406 0.028125 0.029687
0 0.760156 0.292187 0.023438 0.025000
0 0.639062 0.289844 0.028125 0.026562
0 0.578906 0.285938 0.023438 0.025000
0 0.269531 0.275781 0.035937 0.032813
0 0.334375 0.278125 0.034375 0.034375
0 0.390625 0.273438 0.040625 0.034375
0 0.207813 0.278125 0.025000 0.021875
0 0.521094 0.278906 0.026562 0.026562
0 0.145313 0.277344 0.021875 0.023438
0 0.084375 0.275781 0.021875 0.023438
0 0.021875 0.275000 0.025000 0.021875
0 0.457813 0.275000 0.021875 0.025000
0 0.633594 0.206250 0.029687 0.028125
0 0.696875 0.202344 0.040625 0.029687
0 0.825781 0.196094 0.029687 0.035937
0 0.888281 0.198437 0.032813 0.028125
0 0.764062 0.197656 0.021875 0.023438
0 0.582812 0.194531 0.021875 0.026562
0 0.457031 0.184375 0.032813 0.028125
0 0.266406 0.182812 0.029687 0.034375
0 0.211719 0.188281 0.020313 0.023438
0 0.522656 0.187500 0.026562 0.025000
0 0.400781 0.182812 0.029687 0.040625
0 0.339062 0.182031 0.028125 0.026562
0 0.025000 0.185156 0.025000 0.020313
0 0.084375 0.179688 0.031250 0.037500
0 0.718750 0.109375 0.031250 0.034375
0 0.944531 0.111719 0.029687 0.026562
0 0.642969 0.111719 0.032813 0.035937
0 0.896094 0.109375 0.029687 0.034375
0 0.832031 0.110937 0.042188 0.034375
0 0.769531 0.109375 0.032813 0.037500
0 0.529687 0.103906 0.021875 0.023438
0 0.346094 0.095312 0.026562 0.028125
0 0.466406 0.099219 0.020313 0.023438
0 0.283594 0.092188 0.032813 0.028125
0 0.158594 0.095312 0.029687 0.025000
0 0.406250 0.097656 0.025000 0.026562
0 0.223438 0.095312 0.021875 0.021875
0 0.032813 0.096094 0.031250 0.023438
0 0.839063 0.023438 0.031250 0.025000
0 0.946875 0.023438 0.034375 0.034375
0 0.777344 0.028125 0.032813 0.031250
0 0.894531 0.021875 0.035937 0.037500
0 0.723437 0.020313 0.040625 0.031250
0 0.655469 0.017969 0.035937 0.026562
0 0.596094 0.017969 0.020313 0.017188
0 0.530469 0.010937 0.020313 0.018750
0 0.585938 0.108594 0.031250 0.029687
0 0.944531 0.203906 0.039062 0.035937
0 0.096094 0.097656 0.032813 0.032813
0 0.501563 0.722656 0.034375 0.032813
0 0.119531 0.887500 0.035937 0.034375
0 0.750000 0.818750 0.040625 0.034375
0 0.802344 0.825000 0.029687 0.031250
0 0.116406 0.974219 0.039062 0.035937
0 0.885156 0.286719 0.032813 0.029687
0 0.802344 0.556250 0.054688 0.034375