0 0.868750 0.982031 0.021875 0.020313
0 0.674219 0.976562 0.014063 0.009375
0 0.419531 0.984375 0.023438 0.025000
0 0.805469 0.980469 0.023438 0.020313
0 0.482031 0.971875 0.023438 0.021875
0 0.288281 0.971875 0.026562 0.025000
0 0.743750 0.975781 0.037500 0.035937
0 0.615625 0.970313 0.028125 0.025000
0 0.550781 0.963281 0.029687 0.032813
0 0.109375 0.950781 0.018750 0.020313
0 0.051562 0.953125 0.028125 0.028125
0 0.926562 0.898438 0.028125 0.025000
0 0.860938 0.891406 0.012500 0.014063
0 0.800000 0.891406 0.015625 0.014063
0 0.747656 0.886719 0.014063 0.014063
0 0.679688 0.882812 0.031250 0.025000
0 0.417969 0.881250 0.029687 0.028125
0 0.479687 0.877344 0.025000 0.023438
0 0.303125 0.875000 0.028125 0.025000
0 0.055469 0.866406 0.010937 0.010937
0 0.617969 0.878125 0.035937 0.037500
0 0.239844 0.872656 0.026562 0.026562
0 0.552344 0.874219 0.035937 0.032813
0 0.113281 0.859375 0.020313 0.015625
0 0.173437 0.860156 0.025000 0.029687
0 0.357031 0.790625 0.029687 0.025000
0 0.922656 0.802344 0.032813 0.032813
0 0.683594 0.795312 0.026562 0.021875
0 0.864062 0.795312 0.021875 0.025000
0 0.810156 0.787500 0.032813 0.034375
0 0.750781 0.795312 0.026562 0.028125
0 0.429688 0.792188 0.025000 0.021875
0 0.486719 0.790625 0.020313 0.021875
0 0.235156 0.783594 0.023438 0.023438
0 0.115625 0.776563 0.015625 0.012500
0 0.622656 0.784375 0.029687 0.034375
0 0.303125 0.782813 0.034375 0.034375
0 0.176563 0.778125 0.028125 0.025000
0 0.057031 0.778906 0.029687 0.032813
0 0.542969 0.778906 0.042188 0.035937
0 0.936719 0.714063 0.029687 0.031250
0 0.753906 0.707031 0.032813 0.026562
0 0.489844 0.701562 0.020313 0.012500
0 0.811719 0.702344 0.023438 0.023438
0 0.689844 0.705469 0.032813 0.032813
0 0.448437 0.703125 0.028125 0.031250
0 0.187500 0.689844 0.028125 0.026562
0 0.314063 0.695312 0.031250 0.034375
0 0.556250 0.692187 0.031250 0.031250
0 0.623437 0.694531 0.037500 0.039062
0 0.243750 0.689844 0.031250 0.032813
0 0.064062 0.688281 0.031250 0.035937
0 0.121875 0.685937 0.034375 0.034375
0 0.889062 0.621875 0.018750 0.015625
0 0.699219 0.617188 0.026562 0.031250
0 0.451562 0.616406 0.015625 0.014063
0 0.383594 0.616406 0.020313 0.017188
0 0.637500 0.612500 0.021875 0.018750
0 0.560937 0.611719 0.031250 0.026562
0 0.501563 0.613281 0.028125 0.032813
0 0.323437 0.612500 0.034375 0.034375
0 0.138281 0.598437 0.026562 0.025000
0 0.073438 0.600000 0.021875 0.018750
0 0.009375 0.601562 0.015625 0.031250
0 0.765625 0.529687 0.025000 0.028125
0 0.700000 0.530469 0.028125 0.029687
0 0.457813 0.528125 0.021875 0.034375
0 0.389062 0.522656 0.028125 0.029687
0 0.639062 0.522656 0.034375 0.035937
0 0.145313 0.509375 0.021875 0.021875
0 0.324219 0.517188 0.029687 0.028125
0 0.560937 0.510938 0.025000 0.021875
0 0.200000 0.509375 0.021875 0.021875
0 0.081250 0.510938 0.037500 0.034375
0 0.981250 0.463281 0.028125 0.032813
0 0.857812 0.450781 0.025000 0.017188
0 0.800000 0.439844 0.028125 0.029687
0 0.546094 0.430469 0.026562 0.026562
0 0.607031 0.430469 0.035937 0.035937
0 0.492969 0.427344 0.032813 0.032813
0 0.433594 0.423438 0.029687 0.031250
0 0.369531 0.420312 0.032813 0.025000
0 0.008594 0.414062 0.014063 0.015625
0 0.303906 0.416406 0.029687 0.032813
0 0.237500 0.411719 0.028125 0.029687
0 0.119531 0.414062 0.032813 0.034375
0 0.177344 0.411719 0.032813 0.035937
0 0.987500 0.365625 0.021875 0.015625
0 0.735156 0.346875 0.026562 0.031250
0 0.805469 0.347656 0.023438 0.023438
0 0.680469 0.346875 0.023438 0.025000
0 0.617188 0.339062 0.034375 0.037500
0 0.551562 0.335938 0.034375 0.031250
0 0.495312 0.334375 0.037500 0.037500
0 0.371094 0.324219 0.023438 0.023438
0 0.307031 0.325781 0.026562 0.026562
0 0.074219 0.320312 0.017188 0.015625
0 0.247656 0.321094 0.026562 0.026562
0 0.187500 0.320312 0.034375 0.034375
0 0.130469 0.321875 0.032813 0.037500
0 0.010937 0.314844 0.018750 0.026562
0 0.936719 0.277344 0.032813 0.029687
0 0.870313 0.271875 0.034375 0.034375
0 0.746094 0.259375 0.029687 0.025000
0 0.689063 0.259375 0.028125 0.028125
0 0.625781 0.256250 0.029687 0.031250
0 0.504687 0.249219 0.025000 0.017188
0 0.567187 0.251563 0.034375 0.028125
0 0.320312 0.243750 0.028125 0.034375
0 0.136719 0.236719 0.035937 0.035937
0 0.080469 0.237500 0.032813 0.037500
0 0.018750 0.234375 0.034375 0.031250
0 0.198437 0.235937 0.037500 0.037500
0 0.881250 0.189062 0.015625 0.015625
0 0.630469 0.171094 0.010937 0.010937
0 0.750781 0.178125 0.026562 0.028125
0 0.699219 0.176563 0.023438 0.028125
0 0.457813 0.160156 0.015625 0.010937
0 0.517188 0.167969 0.031250 0.035937
0 0.327344 0.154688 0.017188 0.012500
0 0.576562 0.165625 0.031250 0.037500
0 0.028906 0.146094 0.020313 0.014063
0 0.276562 0.146875 0.028125 0.031250
0 0.205469 0.146875 0.029687 0.031250
0 0.147656 0.147656 0.029687 0.032813
0 0.091406 0.144531 0.023438 0.026562
0 0.815625 0.081250 0.009375 0.015625
0 0.030469 0.060937 0.023438 0.021875
0 0.207031 0.060937 0.023438 0.025000
0 0.143750 0.050000 0.040625 0.031250
0 0.082812 0.062500 0.043750 0.028125
0 0.767188 0.082031 0.031250 0.032813
0 0.703125 0.085156 0.031250 0.029687
0 0.387500 0.154688 0.021875 0.028125
0 0.376563 0.247656 0.031250 0.029687
0 0.445312 0.324219 0.031250 0.032813
0 0.064062 0.419531 0.031250 0.026562
0 0.265625 0.520312 0.037500 0.037500
0 0.197656 0.600781 0.045312 0.039062
0 0.496875 0.524219 0.028125 0.026562
0 0.669531 0.437500 0.035937 0.028125
0 0.854688 0.361719 0.034375 0.032813
0 0.943750 0.112500 0.037500 0.040625
0 0.939063 0.194531 0.037500 0.039062
0 0.887500 0.014063 0.021875 0.025000
0 0.818750 0.009375 0.021875 0.015625
0 0.874219 0.098437 0.023438 0.028125
0 0.817187 0.182812 0.028125 0.037500
0 0.803906 0.271094 0.023438 0.023438
0 0.814844 0.528906 0.026562 0.026562
0 0.758594 0.633594 0.032813 0.029687
0 0.921094 0.461719 0.039062 0.032813
0 0.017188 0.503906 0.021875 0.035937
0 0.353906 0.876563 0.029687 0.025000
0 0.350000 0.975000 0.034375 0.034375
0 0.229687 0.976562 0.034375 0.028125