0 0.555469 0.987500 0.023438 0.021875
0 0.368750 0.982031 0.021875 0.020313
0 0.174219 0.976562 0.014063 0.009375
0 0.305469 0.980469 0.023438 0.020313
0 0.243750 0.975781 0.037500 0.035937
0 0.115625 0.970313 0.028125 0.025000
0 0.050781 0.963281 0.029687 0.032813
0 0.933594 0.917969 0.026562 0.026562
0 0.864844 0.908594 0.017188 0.017188
0 0.551562 0.905469 0.025000 0.020313
0 0.495312 0.907813 0.031250 0.031250
0 0.688281 0.904687 0.032813 0.031250
0 0.633594 0.899219 0.023438 0.023438
0 0.426563 0.898438 0.028125 0.025000
0 0.360938 0.891406 0.012500 0.014063
0 0.300000 0.891406 0.015625 0.014063
0 0.247656 0.886719 0.014063 0.014063
0 0.179688 0.882812 0.031250 0.025000
0 0.117969 0.878125 0.035937 0.037500
0 0.052344 0.874219 0.035937 0.032813
0 0.932031 0.825000 0.029687 0.031250
0 0.817187 0.821094 0.028125 0.029687
0 0.746094 0.819531 0.023438 0.026562
0 0.872656 0.817969 0.026562 0.029687
0 0.685156 0.817187 0.032813 0.028125
0 0.624219 0.817187 0.023438 0.028125
0 0.559375 0.816406 0.031250 0.029687
0 0.499219 0.810937 0.032813 0.034375
0 0.422656 0.802344 0.032813 0.032813
0 0.183594 0.795312 0.026562 0.021875
0 0.364063 0.795312 0.021875 0.025000
0 0.310156 0.787500 0.032813 0.034375
0 0.250781 0.795312 0.026562 0.028125
0 0.122656 0.784375 0.029687 0.034375
0 0.042969 0.778906 0.042188 0.035937
0 0.817969 0.728125 0.029687 0.028125
0 0.937500 0.734375 0.031250 0.031250
0 0.874219 0.729688 0.029687 0.021875
0 0.692187 0.725781 0.025000 0.026562
0 0.628125 0.723437 0.031250 0.025000
0 0.507031 0.723437 0.029687 0.031250
0 0.436719 0.714063 0.029687 0.031250
0 0.253906 0.707031 0.032813 0.026562
0 0.311719 0.702344 0.023438 0.023438
0 0.189844 0.705469 0.032813 0.032813
0 0.056250 0.692187 0.031250 0.031250
0 0.123438 0.694531 0.037500 0.039062
0 0.900000 0.643750 0.034375 0.025000
0 0.574219 0.635156 0.029687 0.032813
0 0.389062 0.621875 0.018750 0.015625
0 0.199219 0.617188 0.026562 0.031250
0 0.137500 0.612500 0.021875 0.018750
0 0.060937 0.611719 0.031250 0.026562
0 0.828906 0.555469 0.026562 0.023438
0 0.522656 0.549219 0.026562 0.029687
0 0.643750 0.547656 0.025000 0.029687
0 0.265625 0.529687 0.025000 0.028125
0 0.200000 0.530469 0.028125 0.029687
0 0.139063 0.522656 0.034375 0.035937
0 0.060937 0.510938 0.025000 0.021875
0 0.905469 0.475781 0.023438 0.026562
0 0.966406 0.484375 0.020313 0.025000
0 0.789062 0.474219 0.025000 0.023438
0 0.611719 0.466406 0.023438 0.023438
0 0.845313 0.473438 0.028125 0.028125
0 0.548438 0.464062 0.018750 0.015625
0 0.726562 0.471875 0.037500 0.037500
0 0.664062 0.468750 0.037500 0.037500
0 0.481250 0.463281 0.028125 0.032813
0 0.357812 0.450781 0.025000 0.017188
0 0.300000 0.439844 0.028125 0.029687
0 0.046094 0.430469 0.026562 0.026562
0 0.107031 0.430469 0.035937 0.035937
0 0.847656 0.383594 0.023438 0.026562
0 0.910937 0.389062 0.037500 0.034375
0 0.677344 0.375000 0.023438 0.018750
0 0.732031 0.378906 0.029687 0.032813
0 0.613281 0.377344 0.035937 0.035937
0 0.487500 0.365625 0.021875 0.015625
0 0.553125 0.367188 0.025000 0.028125
0 0.235156 0.346875 0.026562 0.031250
0 0.305469 0.347656 0.023438 0.023438
0 0.180469 0.346875 0.023438 0.025000
0 0.117188 0.339062 0.034375 0.037500
0 0.051562 0.335938 0.034375 0.031250
0 0.980469 0.320312 0.026562 0.031250
0 0.857031 0.298438 0.023438 0.031250
0 0.800781 0.297656 0.035937 0.039062
0 0.621094 0.289844 0.026562 0.023438
0 0.682031 0.289844 0.029687 0.026562
0 0.742969 0.292969 0.032813 0.035937
0 0.917188 0.293750 0.037500 0.043750
0 0.561719 0.285938 0.032813 0.037500
0 0.497656 0.282031 0.029687 0.032813
0 0.436719 0.277344 0.032813 0.029687
0 0.370312 0.271875 0.034375 0.034375
0 0.246094 0.259375 0.029687 0.025000
0 0.189062 0.259375 0.028125 0.028125
0 0.125781 0.256250 0.029687 0.031250
0 0.067187 0.251563 0.034375 0.028125
0 0.863281 0.216406 0.020313 0.017188
0 0.982812 0.218750 0.025000 0.028125
0 0.927344 0.214062 0.026562 0.025000
0 0.683594 0.207031 0.017188 0.014063
0 0.623437 0.203906 0.021875 0.023438
0 0.804688 0.204687 0.031250 0.034375
0 0.564063 0.200000 0.028125 0.031250
0 0.499219 0.194531 0.029687 0.026562
0 0.381250 0.189062 0.015625 0.015625
0 0.130469 0.171094 0.010937 0.010937
0 0.250781 0.178125 0.026562 0.028125
0 0.199219 0.176563 0.023438 0.028125
0 0.017188 0.167969 0.031250 0.035937
0 0.076563 0.165625 0.031250 0.037500
0 0.817187 0.121094 0.028125 0.026562
0 0.563281 0.109375 0.020313 0.018750
0 0.751563 0.110156 0.021875 0.017188
0 0.629687 0.110937 0.021875 0.021875
0 0.315625 0.081250 0.009375 0.015625
0 0.564844 0.022656 0.014063 0.017188
0 0.496875 0.014844 0.021875 0.026562
0 0.267188 0.082031 0.031250 0.032813
0 0.203125 0.085156 0.031250 0.029687
0 0.169531 0.437500 0.035937 0.028125
0 0.354687 0.361719 0.034375 0.032813
0 0.443750 0.112500 0.037500 0.040625
0 0.439063 0.194531 0.037500 0.039062
0 0.387500 0.014063 0.021875 0.025000
0 0.318750 0.009375 0.021875 0.015625
0 0.374219 0.098437 0.023438 0.028125
0 0.317188 0.182812 0.028125 0.037500
0 0.303906 0.271094 0.023438 0.023438
0 0.314844 0.528906 0.026562 0.026562
0 0.258594 0.633594 0.032813 0.029687
0 0.696875 0.564844 0.043750 0.042188
0 0.789062 0.378906 0.034375 0.035937
0 0.693750 0.115625 0.031250 0.031250
0 0.968750 0.397656 0.031250 0.035937
0 0.953125 0.559375 0.040625 0.028125
0 0.890625 0.553125 0.034375 0.028125
0 0.810937 0.917188 0.031250 0.028125
0 0.740625 0.914062 0.040625 0.025000
0 0.748437 0.721875 0.028125 0.037500
0 0.421094 0.461719 0.039062 0.032813
0 0.582812 0.564844 0.037500 0.035937