0 0.055469 0.987500 0.023438 0.021875
0 0.808594 0.934375 0.029687 0.031250
0 0.744531 0.930469 0.023438 0.023438
0 0.685937 0.929688 0.021875 0.021875
0 0.627344 0.928125 0.026562 0.028125
0 0.433594 0.917969 0.026562 0.026562
0 0.562500 0.924219 0.031250 0.032813
0 0.501563 0.921094 0.031250 0.035937
0 0.364844 0.908594 0.017188 0.017188
0 0.051562 0.905469 0.025000 0.020313
0 0.188281 0.904687 0.032813 0.031250
0 0.133594 0.899219 0.023438 0.023438
0 0.872656 0.846094 0.029687 0.026562
0 0.936719 0.843750 0.023438 0.021875
0 0.687500 0.845313 0.028125 0.031250
0 0.745313 0.846875 0.040625 0.037500
0 0.629687 0.842187 0.025000 0.028125
0 0.566406 0.838281 0.023438 0.020313
0 0.814063 0.845313 0.034375 0.037500
0 0.432031 0.825000 0.029687 0.031250
0 0.317188 0.821094 0.028125 0.029687
0 0.246094 0.819531 0.023438 0.026562
0 0.372656 0.817969 0.026562 0.029687
0 0.185156 0.817187 0.032813 0.028125
0 0.124219 0.817187 0.023438 0.028125
0 0.059375 0.816406 0.031250 0.029687
0 0.879687 0.751563 0.025000 0.028125
0 0.938281 0.757812 0.026562 0.028125
0 0.756250 0.756250 0.028125 0.031250
0 0.690625 0.754687 0.034375 0.034375
0 0.814844 0.753906 0.035937 0.035937
0 0.628125 0.746875 0.028125 0.034375
0 0.568750 0.742969 0.028125 0.026562
0 0.503125 0.739844 0.031250 0.032813
0 0.317969 0.728125 0.029687 0.028125
0 0.437500 0.734375 0.031250 0.031250
0 0.374219 0.729688 0.029687 0.021875
0 0.192188 0.725781 0.025000 0.026562
0 0.128125 0.723437 0.031250 0.025000
0 0.944531 0.667188 0.017188 0.015625
0 0.771875 0.671094 0.025000 0.020313
0 0.698438 0.666406 0.025000 0.032813
0 0.657031 0.657813 0.020313 0.021875
0 0.831250 0.666406 0.025000 0.026562
0 0.578125 0.659375 0.021875 0.021875
0 0.400000 0.643750 0.034375 0.025000
0 0.521094 0.650781 0.026562 0.032813
0 0.074219 0.635156 0.029687 0.032813
0 0.707031 0.578125 0.029687 0.028125
0 0.892969 0.574219 0.023438 0.026562
0 0.775000 0.582031 0.028125 0.029687
0 0.834375 0.575000 0.021875 0.025000
0 0.521875 0.560156 0.018750 0.017188
0 0.328906 0.555469 0.026562 0.023438
0 0.022656 0.549219 0.026562 0.029687
0 0.143750 0.547656 0.025000 0.029687
0 0.967969 0.521094 0.029687 0.029687
0 0.900000 0.512500 0.031250 0.031250
0 0.828906 0.503906 0.026562 0.029687
0 0.770312 0.498437 0.034375 0.031250
0 0.712500 0.498437 0.028125 0.031250
0 0.651563 0.494531 0.028125 0.029687
0 0.590625 0.488281 0.025000 0.023438
0 0.405469 0.475781 0.023438 0.026562
0 0.466406 0.484375 0.020313 0.025000
0 0.289062 0.474219 0.025000 0.023438
0 0.111719 0.466406 0.023438 0.023438
0 0.345313 0.473438 0.028125 0.028125
0 0.048438 0.464062 0.018750 0.015625
0 0.226562 0.471875 0.037500 0.037500
0 0.164062 0.468750 0.037500 0.037500
0 0.974219 0.434375 0.029687 0.034375
0 0.904687 0.424219 0.031250 0.026562
0 0.835156 0.410156 0.039062 0.035937
0 0.773438 0.407031 0.037500 0.039062
0 0.719531 0.405469 0.032813 0.035937
0 0.650000 0.406250 0.037500 0.037500
0 0.597656 0.399219 0.026562 0.026562
0 0.347656 0.383594 0.023438 0.026562
0 0.528906 0.395313 0.032813 0.034375
0 0.410938 0.389062 0.037500 0.034375
0 0.177344 0.375000 0.023438 0.018750
0 0.232031 0.378906 0.029687 0.032813
0 0.113281 0.377344 0.035937 0.035937
0 0.053125 0.367188 0.025000 0.028125
0 0.910937 0.337500 0.037500 0.028125
0 0.480469 0.320312 0.026562 0.031250
0 0.666406 0.318750 0.026562 0.025000
0 0.608594 0.320312 0.023438 0.028125
0 0.782031 0.320312 0.035937 0.031250
0 0.725000 0.321094 0.034375 0.035937
0 0.848437 0.317969 0.037500 0.035937
0 0.544531 0.303906 0.029687 0.035937
0 0.357031 0.298438 0.023438 0.031250
0 0.300781 0.297656 0.035937 0.039062
0 0.121094 0.289844 0.026562 0.023438
0 0.182031 0.289844 0.029687 0.026562
0 0.242969 0.292969 0.032813 0.035937
0 0.417187 0.293750 0.037500 0.043750
0 0.061719 0.285938 0.032813 0.037500
0 0.975000 0.251563 0.037500 0.031250
0 0.916406 0.245312 0.035937 0.034375
0 0.840625 0.242969 0.046875 0.048438
0 0.736719 0.235156 0.026562 0.032813
0 0.673438 0.229687 0.028125 0.034375
0 0.610156 0.227344 0.029687 0.029687
0 0.363281 0.216406 0.020313 0.017188
0 0.482812 0.218750 0.025000 0.028125
0 0.427344 0.214062 0.026562 0.025000
0 0.183594 0.207031 0.017188 0.014063
0 0.123438 0.203906 0.021875 0.023438
0 0.304688 0.204687 0.031250 0.034375
0 0.064062 0.200000 0.028125 0.031250
0 0.905469 0.160938 0.017188 0.015625
0 0.676562 0.147656 0.028125 0.020313
0 0.736719 0.148438 0.017188 0.012500
0 0.317188 0.121094 0.028125 0.026562
0 0.063281 0.109375 0.020313 0.018750
0 0.251563 0.110156 0.021875 0.017188
0 0.129688 0.110937 0.021875 0.021875
0 0.978125 0.076563 0.028125 0.031250
0 0.910937 0.070312 0.040625 0.037500
0 0.613281 0.045312 0.017188 0.015625
0 0.555469 0.041406 0.014063 0.010937
0 0.064844 0.022656 0.014063 0.017188
0 0.983594 0.011719 0.029687 0.020313
0 0.196875 0.564844 0.043750 0.042188
0 0.289062 0.378906 0.034375 0.035937
0 0.193750 0.115625 0.031250 0.031250
0 0.525000 0.491406 0.028125 0.032813
0 0.468750 0.397656 0.031250 0.035937
0 0.453125 0.559375 0.040625 0.028125
0 0.390625 0.553125 0.034375 0.028125
0 0.638281 0.573438 0.035937 0.034375
0 0.950000 0.580469 0.037500 0.032813
0 0.502344 0.835156 0.042188 0.039062
0 0.310937 0.917188 0.031250 0.028125
0 0.240625 0.914062 0.040625 0.025000
0 0.248438 0.721875 0.028125 0.037500
0 0.082812 0.564844 0.037500 0.035937