0 0.871875 0.951562 0.028125 0.021875
0 0.808594 0.946875 0.026562 0.028125
0 0.678125 0.941406 0.025000 0.029687
0 0.555469 0.943750 0.029687 0.025000
0 0.614062 0.940625 0.018750 0.025000
0 0.497656 0.936719 0.042188 0.029687
0 0.743750 0.943750 0.031250 0.031250
0 0.308594 0.934375 0.029687 0.031250
0 0.244531 0.930469 0.023438 0.023438
0 0.185938 0.929688 0.021875 0.021875
0 0.127344 0.928125 0.026562 0.028125
0 0.062500 0.924219 0.031250 0.032813
0 0.874219 0.865625 0.023438 0.031250
0 0.689063 0.858594 0.025000 0.029687
0 0.809375 0.859375 0.034375 0.034375
0 0.562500 0.853125 0.025000 0.025000
0 0.372656 0.846094 0.029687 0.026562
0 0.750000 0.855469 0.028125 0.032813
0 0.497656 0.851562 0.029687 0.028125
0 0.625000 0.853906 0.031250 0.035937
0 0.436719 0.843750 0.023438 0.021875
0 0.187500 0.845313 0.028125 0.031250
0 0.245312 0.846875 0.040625 0.037500
0 0.129688 0.842187 0.025000 0.028125
0 0.066406 0.838281 0.023438 0.020313
0 0.314063 0.845313 0.034375 0.037500
0 0.872656 0.776563 0.026562 0.034375
0 0.809375 0.767188 0.028125 0.018750
0 0.689844 0.766406 0.032813 0.029687
0 0.631250 0.763281 0.028125 0.026562
0 0.564063 0.760156 0.025000 0.023438
0 0.379688 0.751563 0.025000 0.028125
0 0.749219 0.760938 0.032813 0.034375
0 0.503906 0.760938 0.032813 0.034375
0 0.438281 0.757812 0.026562 0.028125
0 0.256250 0.756250 0.028125 0.031250
0 0.190625 0.754687 0.034375 0.034375
0 0.314844 0.753906 0.035937 0.035937
0 0.128125 0.746875 0.028125 0.034375
0 0.068750 0.742969 0.028125 0.026562
0 0.511719 0.671875 0.023438 0.021875
0 0.444531 0.667188 0.017188 0.015625
0 0.271875 0.671094 0.025000 0.020313
0 0.778906 0.682813 0.026562 0.034375
0 0.572656 0.673438 0.026562 0.021875
0 0.640625 0.676562 0.031250 0.034375
0 0.198437 0.666406 0.025000 0.032813
0 0.157031 0.657813 0.020313 0.021875
0 0.331250 0.666406 0.025000 0.026562
0 0.078125 0.659375 0.021875 0.021875
0 0.021094 0.650781 0.026562 0.032813
0 0.642188 0.591406 0.025000 0.023438
0 0.525000 0.589063 0.040625 0.031250
0 0.582812 0.586719 0.028125 0.029687
0 0.207031 0.578125 0.029687 0.028125
0 0.392969 0.574219 0.023438 0.026562
0 0.275000 0.582031 0.028125 0.029687
0 0.334375 0.575000 0.021875 0.025000
0 0.021875 0.560156 0.018750 0.017188
0 0.526563 0.522656 0.031250 0.029687
0 0.467969 0.521094 0.029687 0.029687
0 0.590625 0.520312 0.028125 0.031250
0 0.400000 0.512500 0.031250 0.031250
0 0.328906 0.503906 0.026562 0.029687
0 0.270313 0.498437 0.034375 0.031250
0 0.212500 0.498437 0.028125 0.031250
0 0.151562 0.494531 0.028125 0.029687
0 0.090625 0.488281 0.025000 0.023438
0 0.532813 0.433594 0.031250 0.032813
0 0.474219 0.434375 0.029687 0.034375
0 0.655469 0.429688 0.029687 0.028125
0 0.591406 0.430469 0.035937 0.032813
0 0.827344 0.417969 0.029687 0.032813
0 0.404687 0.424219 0.031250 0.026562
0 0.335156 0.410156 0.039062 0.035937
0 0.273438 0.407031 0.037500 0.039062
0 0.219531 0.405469 0.032813 0.035937
0 0.150000 0.406250 0.037500 0.037500
0 0.097656 0.399219 0.026562 0.026562
0 0.028906 0.395313 0.032813 0.034375
0 0.853125 0.353125 0.034375 0.034375
0 0.788281 0.346875 0.032813 0.037500
0 0.725000 0.346094 0.037500 0.035937
0 0.672656 0.343750 0.032813 0.031250
0 0.537500 0.345313 0.037500 0.034375
0 0.600781 0.343750 0.035937 0.037500
0 0.410938 0.337500 0.037500 0.028125
0 0.166406 0.318750 0.026562 0.025000
0 0.108594 0.320312 0.023438 0.028125
0 0.282031 0.320312 0.035937 0.031250
0 0.225000 0.321094 0.034375 0.035937
0 0.348438 0.317969 0.037500 0.035937
0 0.044531 0.303906 0.029687 0.035937
0 0.853906 0.261719 0.032813 0.032813
0 0.796875 0.257031 0.025000 0.023438
0 0.673438 0.257812 0.025000 0.025000
0 0.608594 0.253906 0.032813 0.032813
0 0.539844 0.253125 0.032813 0.034375
0 0.475000 0.251563 0.037500 0.031250
0 0.416406 0.245312 0.035937 0.034375
0 0.340625 0.242969 0.046875 0.048438
0 0.236719 0.235156 0.026562 0.032813
0 0.173437 0.229687 0.028125 0.034375
0 0.110156 0.227344 0.029687 0.029687
0 0.862500 0.171875 0.018750 0.018750
0 0.536719 0.170313 0.026562 0.034375
0 0.405469 0.160938 0.017188 0.015625
0 0.176563 0.147656 0.028125 0.020313
0 0.236719 0.148438 0.017188 0.012500
0 0.796875 0.074219 0.018750 0.023438
0 0.855469 0.084375 0.026562 0.034375
0 0.545312 0.078125 0.025000 0.028125
0 0.612500 0.071875 0.018750 0.018750
0 0.478125 0.076563 0.028125 0.031250
0 0.410938 0.070312 0.040625 0.037500
0 0.113281 0.045312 0.017188 0.015625
0 0.055469 0.041406 0.014063 0.010937
0 0.483594 0.011719 0.029687 0.020313
0 0.880469 0.005469 0.010937 0.007812
0 0.808594 0.013281 0.032813 0.023438
0 0.697656 0.007031 0.020313 0.010937
0 0.025000 0.491406 0.028125 0.032813
0 0.138281 0.573438 0.035937 0.034375
0 0.650000 0.522656 0.034375 0.029687
0 0.450000 0.580469 0.037500 0.032813