0 0.100000 0.985156 0.025000 0.010937
0 0.039844 0.980469 0.029687 0.029687
0 0.979688 0.933594 0.028125 0.026562
0 0.917969 0.926562 0.014063 0.012500
0 0.857031 0.922656 0.017188 0.020313
0 0.796094 0.919531 0.014063 0.014063
0 0.732812 0.921094 0.018750 0.023438
0 0.607812 0.917969 0.012500 0.017188
0 0.667188 0.919531 0.015625 0.023438
0 0.540625 0.916406 0.028125 0.026562
0 0.422656 0.917969 0.020313 0.029687
0 0.480469 0.914844 0.020313 0.026562
0 0.353906 0.912500 0.023438 0.025000
0 0.103125 0.905469 0.018750 0.017188
0 0.232031 0.907813 0.023438 0.025000
0 0.292187 0.908594 0.028125 0.029687
0 0.166406 0.903906 0.023438 0.026562
0 0.050000 0.898438 0.025000 0.028125
0 0.875781 0.836719 0.026562 0.023438
0 0.928906 0.843750 0.017188 0.021875
0 0.815625 0.837500 0.015625 0.021875
0 0.753125 0.834375 0.021875 0.021875
0 0.680469 0.832812 0.029687 0.028125
0 0.551562 0.829688 0.031250 0.037500
0 0.427344 0.822656 0.029687 0.029687
0 0.359375 0.824219 0.025000 0.023438
0 0.121094 0.814844 0.035937 0.029687
0 0.180469 0.817187 0.026562 0.028125
0 0.064062 0.814844 0.028125 0.026562
0 0.937500 0.752344 0.015625 0.020313
0 0.755469 0.737500 0.026562 0.025000
0 0.885938 0.745313 0.015625 0.018750
0 0.621875 0.741406 0.031250 0.026562
0 0.690625 0.742188 0.021875 0.018750
0 0.559375 0.738281 0.025000 0.029687
0 0.258594 0.728906 0.029687 0.023438
0 0.314844 0.727344 0.026562 0.026562
0 0.429688 0.735156 0.025000 0.023438
0 0.375000 0.732031 0.021875 0.023438
0 0.191406 0.729688 0.026562 0.021875
0 0.121875 0.725781 0.021875 0.020313
0 0.066406 0.723437 0.017188 0.018750
0 0.843750 0.657813 0.034375 0.028125
0 0.903906 0.656250 0.029687 0.034375
0 0.721094 0.659375 0.023438 0.025000
0 0.605469 0.657813 0.020313 0.025000
0 0.655469 0.657031 0.032813 0.026562
0 0.540625 0.657031 0.028125 0.026562
0 0.480469 0.653125 0.029687 0.021875
0 0.412500 0.649219 0.025000 0.023438
0 0.108594 0.646875 0.023438 0.018750
0 0.063281 0.642188 0.026562 0.034375
0 0.357812 0.646875 0.025000 0.025000
0 0.169531 0.647656 0.023438 0.026562
0 0.225781 0.646875 0.029687 0.028125
0 0.302344 0.642188 0.026562 0.025000
0 0.741406 0.568750 0.026562 0.028125
0 0.792188 0.565625 0.031250 0.037500
0 0.976562 0.574219 0.034375 0.035937
0 0.846875 0.565625 0.031250 0.031250
0 0.914062 0.566406 0.034375 0.035937
0 0.548438 0.566406 0.025000 0.026562
0 0.488281 0.564844 0.023438 0.023438
0 0.610938 0.566406 0.021875 0.029687
0 0.664844 0.565625 0.032813 0.031250
0 0.242969 0.559375 0.023438 0.021875
0 0.177344 0.553906 0.035937 0.029687
0 0.118750 0.550000 0.031250 0.034375
0 0.425000 0.554688 0.025000 0.025000
0 0.361719 0.546875 0.035937 0.031250
0 0.012500 0.546094 0.021875 0.023438
0 0.071094 0.544531 0.026562 0.023438
0 0.918750 0.483594 0.034375 0.032813
0 0.742969 0.486719 0.032813 0.032813
0 0.682813 0.484375 0.034375 0.028125
0 0.808594 0.484375 0.032813 0.031250
0 0.620313 0.478125 0.028125 0.037500
0 0.561719 0.478125 0.039062 0.025000
0 0.492188 0.478125 0.037500 0.034375
0 0.184375 0.472656 0.028125 0.026562
0 0.131250 0.468750 0.015625 0.018750
0 0.433594 0.471875 0.029687 0.028125
0 0.313281 0.471094 0.035937 0.029687
0 0.252344 0.469531 0.026562 0.029687
0 0.375000 0.466406 0.031250 0.029687
0 0.075781 0.463281 0.023438 0.026562
0 0.800000 0.392188 0.034375 0.037500
0 0.742969 0.393750 0.029687 0.025000
0 0.925000 0.394531 0.028125 0.032813
0 0.625000 0.390625 0.037500 0.028125
0 0.679688 0.385156 0.037500 0.029687
0 0.248438 0.378125 0.028125 0.028125
0 0.484375 0.380469 0.025000 0.026562
0 0.310156 0.380469 0.032813 0.026562
0 0.428125 0.379688 0.025000 0.028125
0 0.139844 0.377344 0.020313 0.023438
0 0.378125 0.376563 0.021875 0.025000
0 0.189062 0.377344 0.031250 0.032813
0 0.021094 0.366406 0.020313 0.020313
0 0.080469 0.367969 0.023438 0.026562
0 0.810937 0.309375 0.031250 0.028125
0 0.871094 0.307812 0.026562 0.031250
0 0.929688 0.305469 0.028125 0.026562
0 0.689844 0.307031 0.023438 0.023438
0 0.628906 0.304688 0.023438 0.025000
0 0.563281 0.301563 0.029687 0.028125
0 0.496094 0.293750 0.032813 0.031250
0 0.434375 0.293750 0.034375 0.034375
0 0.316406 0.288281 0.035937 0.035937
0 0.198437 0.291406 0.028125 0.029687
0 0.260156 0.292187 0.023438 0.025000
0 0.139063 0.289844 0.028125 0.026562
0 0.078906 0.285938 0.023438 0.025000
0 0.021094 0.278906 0.026562 0.026562
0 0.687500 0.215625 0.028125 0.028125
0 0.628906 0.210156 0.029687 0.026562
0 0.503906 0.202344 0.032813 0.032813
0 0.743750 0.207031 0.031250 0.026562
0 0.133594 0.206250 0.029687 0.028125
0 0.196875 0.202344 0.040625 0.029687
0 0.931250 0.207031 0.028125 0.026562
0 0.325781 0.196094 0.029687 0.035937
0 0.388281 0.198437 0.032813 0.028125
0 0.264062 0.197656 0.021875 0.023438
0 0.082812 0.194531 0.021875 0.026562
0 0.022656 0.187500 0.026562 0.025000
0 0.940625 0.134375 0.031250 0.037500
0 0.878125 0.129688 0.034375 0.034375
0 0.757031 0.125781 0.029687 0.032813
0 0.814063 0.133594 0.031250 0.023438
0 0.503906 0.120313 0.032813 0.037500
0 0.639062 0.127344 0.031250 0.029687
0 0.574219 0.117969 0.029687 0.035937
0 0.700781 0.123438 0.026562 0.021875
0 0.218750 0.109375 0.031250 0.034375
0 0.444531 0.111719 0.029687 0.026562
0 0.142969 0.111719 0.032813 0.035937
0 0.396094 0.109375 0.029687 0.034375
0 0.332031 0.110937 0.042188 0.034375
0 0.269531 0.109375 0.032813 0.037500
0 0.029687 0.103906 0.021875 0.023438
0 0.767188 0.040625 0.025000 0.028125
0 0.703906 0.036719 0.035937 0.032813
0 0.945312 0.041406 0.018750 0.026562
0 0.642188 0.032813 0.040625 0.037500
0 0.513281 0.029687 0.029687 0.025000
0 0.874219 0.035937 0.029687 0.028125
0 0.823438 0.036719 0.025000 0.029687
0 0.339062 0.023438 0.031250 0.025000
0 0.446875 0.023438 0.034375 0.034375
0 0.277344 0.028125 0.032813 0.031250
0 0.394531 0.021875 0.035937 0.037500
0 0.223438 0.020313 0.040625 0.031250
0 0.155469 0.017969 0.035937 0.026562
0 0.096094 0.017969 0.020313 0.017188
0 0.030469 0.010937 0.020313 0.018750
0 0.571875 0.029687 0.053125 0.037500
0 0.867188 0.207031 0.040625 0.029687
0 0.085938 0.108594 0.031250 0.029687
0 0.564844 0.214062 0.029687 0.034375
0 0.444531 0.203906 0.039062 0.035937
0 0.621094 0.828906 0.035937 0.039062
0 0.817969 0.744531 0.039062 0.035937
0 0.963281 0.664062 0.039062 0.031250
0 0.250000 0.818750 0.040625 0.034375
0 0.302344 0.825000 0.029687 0.031250
0 0.385156 0.286719 0.032813 0.029687
0 0.302344 0.556250 0.054688 0.034375
0 0.873437 0.489063 0.043750 0.043750
0 0.813281 0.207813 0.035937 0.037500
0 0.752344 0.312500 0.035937 0.037500