0 0.371875 0.951562 0.028125 0.021875
0 0.308594 0.946875 0.026562 0.028125
0 0.178125 0.941406 0.025000 0.029687
0 0.055469 0.943750 0.029687 0.025000
0 0.114062 0.940625 0.018750 0.025000
0 0.243750 0.943750 0.031250 0.031250
0 0.374219 0.865625 0.023438 0.031250
0 0.189062 0.858594 0.025000 0.029687
0 0.309375 0.859375 0.034375 0.034375
0 0.062500 0.853125 0.025000 0.025000
0 0.250000 0.855469 0.028125 0.032813
0 0.125000 0.853906 0.031250 0.035937
0 0.372656 0.776563 0.026562 0.034375
0 0.309375 0.767188 0.028125 0.018750
0 0.189844 0.766406 0.032813 0.029687
0 0.131250 0.763281 0.028125 0.026562
0 0.064062 0.760156 0.025000 0.023438
0 0.249219 0.760938 0.032813 0.034375
0 0.278906 0.682813 0.026562 0.034375
0 0.072656 0.673438 0.026562 0.021875
0 0.140625 0.676562 0.031250 0.034375
0 0.142187 0.591406 0.025000 0.023438
0 0.025000 0.589063 0.040625 0.031250
0 0.082812 0.586719 0.028125 0.029687
0 0.026562 0.522656 0.031250 0.029687
0 0.090625 0.520312 0.028125 0.031250
0 0.032813 0.433594 0.031250 0.032813
0 0.155469 0.429688 0.029687 0.028125
0 0.091406 0.430469 0.035937 0.032813
0 0.327344 0.417969 0.029687 0.032813
0 0.353125 0.353125 0.034375 0.034375
0 0.288281 0.346875 0.032813 0.037500
0 0.225000 0.346094 0.037500 0.035937
0 0.172656 0.343750 0.032813 0.031250
0 0.037500 0.345313 0.037500 0.034375
0 0.100781 0.343750 0.035937 0.037500
0 0.353906 0.261719 0.032813 0.032813
0 0.296875 0.257031 0.025000 0.023438
0 0.173437 0.257812 0.025000 0.025000
0 0.108594 0.253906 0.032813 0.032813
0 0.039844 0.253125 0.032813 0.034375
0 0.362500 0.171875 0.018750 0.018750
0 0.036719 0.170313 0.026562 0.034375
0 0.296875 0.074219 0.018750 0.023438
0 0.355469 0.084375 0.026562 0.034375
0 0.045312 0.078125 0.025000 0.028125
0 0.112500 0.071875 0.018750 0.018750
0 0.380469 0.005469 0.010937 0.007812
0 0.308594 0.013281 0.032813 0.023438
0 0.197656 0.007031 0.020313 0.010937
0 0.150000 0.522656 0.034375 0.029687