0 0.289844 0.981250 0.020313 0.015625
0 0.226562 0.977344 0.025000 0.023438
0 0.166406 0.979688 0.020313 0.015625
0 0.103906 0.971094 0.023438 0.017188
0 0.039844 0.964844 0.017188 0.017188
0 0.851562 0.923438 0.018750 0.021875
0 0.979688 0.921094 0.028125 0.029687
0 0.913281 0.923438 0.035937 0.034375
0 0.789062 0.915625 0.031250 0.028125
0 0.725781 0.914844 0.029687 0.035937
0 0.603906 0.903906 0.026562 0.020313
0 0.660156 0.909375 0.032813 0.034375
0 0.542188 0.906250 0.028125 0.028125
0 0.473438 0.903125 0.034375 0.037500
0 0.294531 0.888281 0.029687 0.029687
0 0.413281 0.892188 0.023438 0.025000
0 0.356250 0.893750 0.031250 0.031250
0 0.234375 0.891406 0.025000 0.026562
0 0.176563 0.887500 0.028125 0.028125
0 0.107813 0.878125 0.018750 0.015625
0 0.036719 0.878906 0.023438 0.023438
0 0.870313 0.832031 0.031250 0.026562
0 0.927344 0.834375 0.035937 0.037500
0 0.739062 0.825781 0.028125 0.026562
0 0.802344 0.830469 0.039062 0.039062
0 0.678125 0.822656 0.031250 0.029687
0 0.560156 0.814063 0.017188 0.015625
0 0.434375 0.810156 0.025000 0.029687
0 0.617188 0.821875 0.037500 0.034375
0 0.484375 0.814063 0.040625 0.034375
0 0.379688 0.812500 0.028125 0.031250
0 0.196094 0.805469 0.020313 0.017188
0 0.315625 0.810937 0.031250 0.031250
0 0.257031 0.807031 0.023438 0.026562
0 0.739062 0.733594 0.031250 0.032813
0 0.867188 0.743750 0.028125 0.031250
0 0.808594 0.738281 0.029687 0.026562
0 0.678125 0.737500 0.031250 0.031250
0 0.563281 0.729688 0.029687 0.031250
0 0.627344 0.725781 0.017188 0.020313
0 0.439063 0.726562 0.021875 0.021875
0 0.245312 0.713281 0.031250 0.020313
0 0.494531 0.724219 0.032813 0.035937
0 0.375000 0.720313 0.025000 0.028125
0 0.142187 0.708594 0.025000 0.020313
0 0.797656 0.657813 0.032813 0.034375
0 0.970313 0.667969 0.028125 0.029687
0 0.729688 0.654687 0.031250 0.031250
0 0.860156 0.657813 0.023438 0.018750
0 0.400000 0.647656 0.028125 0.029687
0 0.217969 0.642188 0.029687 0.034375
0 0.603125 0.645312 0.028125 0.028125
0 0.278906 0.642969 0.026562 0.026562
0 0.538281 0.641406 0.032813 0.029687
0 0.468750 0.642969 0.031250 0.032813
0 0.033594 0.629687 0.020313 0.021875
0 0.085156 0.627344 0.026562 0.023438
0 0.978906 0.569531 0.029687 0.039062
0 0.910937 0.575000 0.031250 0.025000
0 0.675781 0.553906 0.029687 0.026562
0 0.742969 0.557813 0.029687 0.031250
0 0.867188 0.562500 0.025000 0.037500
0 0.799219 0.555469 0.026562 0.029687
0 0.407813 0.554688 0.021875 0.018750
0 0.349219 0.549219 0.026562 0.029687
0 0.611719 0.553906 0.029687 0.032813
0 0.470313 0.553906 0.040625 0.039062
0 0.289844 0.548438 0.032813 0.034375
0 0.542188 0.546875 0.031250 0.034375
0 0.226562 0.542188 0.028125 0.031250
0 0.039062 0.539844 0.028125 0.035937
0 0.096875 0.533594 0.028125 0.029687
0 0.868750 0.482031 0.021875 0.020313
0 0.674219 0.476562 0.014063 0.009375
0 0.419531 0.484375 0.023438 0.025000
0 0.923438 0.485938 0.031250 0.031250
0 0.805469 0.480469 0.023438 0.020313
0 0.482031 0.471875 0.023438 0.021875
0 0.288281 0.471875 0.026562 0.025000
0 0.743750 0.475781 0.037500 0.035937
0 0.615625 0.470313 0.028125 0.025000
0 0.550781 0.463281 0.029687 0.032813
0 0.109375 0.450781 0.018750 0.020313
0 0.051562 0.453125 0.028125 0.028125
0 0.926562 0.398438 0.028125 0.025000
0 0.860938 0.391406 0.012500 0.014063
0 0.800000 0.391406 0.015625 0.014063
0 0.747656 0.386719 0.014063 0.014063
0 0.679688 0.382812 0.031250 0.025000
0 0.417969 0.381250 0.029687 0.028125
0 0.479687 0.377344 0.025000 0.023438
0 0.303125 0.375000 0.028125 0.025000
0 0.055469 0.366406 0.010937 0.010937
0 0.617969 0.378125 0.035937 0.037500
0 0.239844 0.372656 0.026562 0.026562
0 0.552344 0.374219 0.035937 0.032813
0 0.113281 0.359375 0.020313 0.015625
0 0.173437 0.360156 0.025000 0.029687
0 0.357031 0.290625 0.029687 0.025000
0 0.922656 0.302344 0.032813 0.032813
0 0.683594 0.295312 0.026562 0.021875
0 0.864062 0.295312 0.021875 0.025000
0 0.810156 0.287500 0.032813 0.034375
0 0.750781 0.295312 0.026562 0.028125
0 0.429688 0.292187 0.025000 0.021875
0 0.486719 0.290625 0.020313 0.021875
0 0.235156 0.283594 0.023438 0.023438
0 0.115625 0.276562 0.015625 0.012500
0 0.622656 0.284375 0.029687 0.034375
0 0.303125 0.282813 0.034375 0.034375
0 0.176563 0.278125 0.028125 0.025000
0 0.057031 0.278906 0.029687 0.032813
0 0.542969 0.278906 0.042188 0.035937
0 0.936719 0.214062 0.029687 0.031250
0 0.753906 0.207031 0.032813 0.026562
0 0.489844 0.201563 0.020313 0.012500
0 0.811719 0.202344 0.023438 0.023438
0 0.689844 0.205469 0.032813 0.032813
0 0.448437 0.203125 0.028125 0.031250
0 0.187500 0.189844 0.028125 0.026562
0 0.314063 0.195312 0.031250 0.034375
0 0.556250 0.192188 0.031250 0.031250
0 0.623437 0.194531 0.037500 0.039062
0 0.243750 0.189844 0.031250 0.032813
0 0.064062 0.188281 0.031250 0.035937
0 0.121875 0.185938 0.034375 0.034375
0 0.889062 0.121875 0.018750 0.015625
0 0.699219 0.117188 0.026562 0.031250
0 0.451562 0.116406 0.015625 0.014063
0 0.383594 0.116406 0.020313 0.017188
0 0.637500 0.112500 0.021875 0.018750
0 0.560937 0.111719 0.031250 0.026562
0 0.501563 0.113281 0.028125 0.032813
0 0.323437 0.112500 0.034375 0.034375
0 0.138281 0.098437 0.026562 0.025000
0 0.073438 0.100000 0.021875 0.018750
0 0.009375 0.101562 0.015625 0.031250
0 0.765625 0.029687 0.025000 0.028125
0 0.700000 0.030469 0.028125 0.029687
0 0.457813 0.028125 0.021875 0.034375
0 0.389062 0.022656 0.028125 0.029687
0 0.639062 0.022656 0.034375 0.035937
0 0.324219 0.017188 0.029687 0.028125
0 0.265625 0.020313 0.037500 0.037500
0 0.197656 0.100781 0.045312 0.039062
0 0.496875 0.024219 0.028125 0.026562
0 0.814844 0.028906 0.026562 0.026562
0 0.758594 0.133594 0.032813 0.029687
0 0.353906 0.376563 0.029687 0.025000
0 0.350000 0.475000 0.034375 0.034375
0 0.657031 0.654687 0.029687 0.028125
0 0.899219 0.664844 0.023438 0.026562
0 0.193750 0.717969 0.028125 0.029687
0 0.229687 0.476562 0.034375 0.028125