0 0.963281 0.952344 0.023438 0.023438
0 0.902344 0.953906 0.029687 0.029687
0 0.842969 0.949219 0.032813 0.032813
0 0.591406 0.931250 0.032813 0.031250
0 0.351562 0.923438 0.018750 0.021875
0 0.539062 0.927344 0.031250 0.035937
0 0.479687 0.921094 0.028125 0.029687
0 0.413281 0.923438 0.035937 0.034375
0 0.289062 0.915625 0.031250 0.028125
0 0.225781 0.914844 0.029687 0.035937
0 0.103906 0.903906 0.026562 0.020313
0 0.160156 0.909375 0.032813 0.034375
0 0.042188 0.906250 0.028125 0.028125
0 0.739062 0.854688 0.034375 0.031250
0 0.672656 0.847656 0.029687 0.032813
0 0.614062 0.845313 0.034375 0.034375
0 0.559375 0.839063 0.034375 0.034375
0 0.492188 0.836719 0.034375 0.032813
0 0.370312 0.832031 0.031250 0.026562
0 0.427344 0.834375 0.035937 0.037500
0 0.239063 0.825781 0.028125 0.026562
0 0.302344 0.830469 0.039062 0.039062
0 0.178125 0.822656 0.031250 0.029687
0 0.060156 0.814063 0.017188 0.015625
0 0.117188 0.821875 0.037500 0.034375
0 0.805469 0.775000 0.026562 0.031250
0 0.747656 0.763281 0.023438 0.023438
0 0.612500 0.757812 0.025000 0.025000
0 0.689063 0.754687 0.031250 0.025000
0 0.556250 0.754687 0.028125 0.031250
0 0.239063 0.733594 0.031250 0.032813
0 0.500781 0.748437 0.039062 0.040625
0 0.367188 0.743750 0.028125 0.031250
0 0.308594 0.738281 0.029687 0.026562
0 0.178125 0.737500 0.031250 0.031250
0 0.063281 0.729688 0.029687 0.031250
0 0.127344 0.725781 0.017188 0.020313
0 0.724219 0.678906 0.020313 0.023438
0 0.671094 0.674219 0.017188 0.014063
0 0.982031 0.673438 0.029687 0.043750
0 0.857812 0.673438 0.025000 0.021875
0 0.609375 0.668750 0.021875 0.021875
0 0.535937 0.671094 0.031250 0.029687
0 0.297656 0.657813 0.032813 0.034375
0 0.470313 0.667969 0.028125 0.029687
0 0.229687 0.654687 0.031250 0.031250
0 0.360156 0.657813 0.023438 0.018750
0 0.103125 0.645312 0.028125 0.028125
0 0.038281 0.641406 0.032813 0.029687
0 0.980469 0.596094 0.020313 0.014063
0 0.541406 0.580469 0.023438 0.026562
0 0.682031 0.588281 0.023438 0.026562
0 0.923438 0.582812 0.021875 0.018750
0 0.478906 0.569531 0.029687 0.039062
0 0.729688 0.576562 0.025000 0.028125
0 0.410938 0.575000 0.031250 0.025000
0 0.611719 0.578906 0.026562 0.023438
0 0.175781 0.553906 0.029687 0.026562
0 0.242969 0.557813 0.029687 0.031250
0 0.367188 0.562500 0.025000 0.037500
0 0.299219 0.555469 0.026562 0.029687
0 0.111719 0.553906 0.029687 0.032813
0 0.042188 0.546875 0.031250 0.034375
0 0.813281 0.498437 0.035937 0.025000
0 0.493750 0.495312 0.037500 0.031250
0 0.729688 0.497656 0.015625 0.017188
0 0.625000 0.497656 0.018750 0.020313
0 0.555469 0.487500 0.023438 0.021875
0 0.368750 0.482031 0.021875 0.020313
0 0.174219 0.476562 0.014063 0.009375
0 0.423438 0.485938 0.031250 0.031250
0 0.305469 0.480469 0.023438 0.020313
0 0.243750 0.475781 0.037500 0.035937
0 0.115625 0.470313 0.028125 0.025000
0 0.050781 0.463281 0.029687 0.032813
0 0.933594 0.417969 0.026562 0.026562
0 0.864844 0.408594 0.017188 0.017188
0 0.551562 0.405469 0.025000 0.020313
0 0.495312 0.407813 0.031250 0.031250
0 0.688281 0.404687 0.032813 0.031250
0 0.633594 0.399219 0.023438 0.023438
0 0.426563 0.398438 0.028125 0.025000
0 0.360938 0.391406 0.012500 0.014063
0 0.300000 0.391406 0.015625 0.014063
0 0.247656 0.386719 0.014063 0.014063
0 0.179688 0.382812 0.031250 0.025000
0 0.117969 0.378125 0.035937 0.037500
0 0.052344 0.374219 0.035937 0.032813
0 0.932031 0.325000 0.029687 0.031250
0 0.817187 0.321094 0.028125 0.029687
0 0.746094 0.319531 0.023438 0.026562
0 0.872656 0.317969 0.026562 0.029687
0 0.685156 0.317188 0.032813 0.028125
0 0.624219 0.317188 0.023438 0.028125
0 0.559375 0.316406 0.031250 0.029687
0 0.499219 0.310937 0.032813 0.034375
0 0.422656 0.302344 0.032813 0.032813
0 0.183594 0.295312 0.026562 0.021875
0 0.364063 0.295312 0.021875 0.025000
0 0.310156 0.287500 0.032813 0.034375
0 0.250781 0.295312 0.026562 0.028125
0 0.122656 0.284375 0.029687 0.034375
0 0.042969 0.278906 0.042188 0.035937
0 0.817969 0.228125 0.029687 0.028125
0 0.937500 0.234375 0.031250 0.031250
0 0.874219 0.229687 0.029687 0.021875
0 0.692187 0.225781 0.025000 0.026562
0 0.628125 0.223438 0.031250 0.025000
0 0.507031 0.223438 0.029687 0.031250
0 0.436719 0.214062 0.029687 0.031250
0 0.253906 0.207031 0.032813 0.026562
0 0.311719 0.202344 0.023438 0.023438
0 0.189844 0.205469 0.032813 0.032813
0 0.056250 0.192188 0.031250 0.031250
0 0.123438 0.194531 0.037500 0.039062
0 0.900000 0.143750 0.034375 0.025000
0 0.574219 0.135156 0.029687 0.032813
0 0.389062 0.121875 0.018750 0.015625
0 0.199219 0.117188 0.026562 0.031250
0 0.137500 0.112500 0.021875 0.018750
0 0.060937 0.111719 0.031250 0.026562
0 0.828906 0.055469 0.026562 0.023438
0 0.522656 0.049219 0.026562 0.029687
0 0.643750 0.047656 0.025000 0.029687
0 0.265625 0.029687 0.025000 0.028125
0 0.200000 0.030469 0.028125 0.029687
0 0.139063 0.022656 0.034375 0.035937
0 0.314844 0.028906 0.026562 0.026562
0 0.258594 0.133594 0.032813 0.029687
0 0.696875 0.064844 0.043750 0.042188
0 0.953125 0.059375 0.040625 0.028125
0 0.890625 0.053125 0.034375 0.028125
0 0.810937 0.417187 0.031250 0.028125
0 0.740625 0.414062 0.040625 0.025000
0 0.748437 0.221875 0.028125 0.037500
0 0.582812 0.064844 0.037500 0.035937
0 0.157031 0.654687 0.029687 0.028125
0 0.673438 0.498437 0.031250 0.025000
0 0.863281 0.583594 0.029687 0.026562
0 0.873437 0.504687 0.021875 0.028125
0 0.921875 0.505469 0.028125 0.029687
0 0.924219 0.691406 0.023438 0.026562
0 0.399219 0.664844 0.023438 0.026562
0 0.970313 0.774219 0.034375 0.035937
0 0.912500 0.773438 0.037500 0.034375
0 0.851562 0.773438 0.031250 0.028125
0 0.853125 0.867969 0.034375 0.023438
0 0.907813 0.874219 0.034375 0.026562
0 0.966406 0.871875 0.035937 0.028125
0 0.715625 0.937500 0.046875 0.028125