0 0.890625 0.970313 0.034375 0.031250
0 0.642969 0.971094 0.023438 0.023438
0 0.772656 0.965625 0.032813 0.025000
0 0.579688 0.964063 0.028125 0.018750
0 0.707031 0.965625 0.026562 0.031250
0 0.524219 0.958594 0.026562 0.029687
0 0.463281 0.952344 0.023438 0.023438
0 0.402344 0.953906 0.029687 0.029687
0 0.342969 0.949219 0.032813 0.032813
0 0.091406 0.931250 0.032813 0.031250
0 0.039062 0.927344 0.031250 0.035937
0 0.908594 0.888281 0.029687 0.029687
0 0.592969 0.878906 0.029687 0.029687
0 0.538281 0.872656 0.029687 0.032813
0 0.239063 0.854688 0.034375 0.031250
0 0.172656 0.847656 0.029687 0.032813
0 0.114062 0.845313 0.034375 0.034375
0 0.059375 0.839063 0.034375 0.034375
0 0.846875 0.796094 0.031250 0.035937
0 0.910937 0.796875 0.021875 0.015625
0 0.305469 0.775000 0.026562 0.031250
0 0.592969 0.789844 0.029687 0.032813
0 0.247656 0.763281 0.023438 0.023438
0 0.112500 0.757812 0.025000 0.025000
0 0.189062 0.754687 0.031250 0.025000
0 0.056250 0.754687 0.028125 0.031250
0 0.914844 0.703906 0.029687 0.020313
0 0.662500 0.700781 0.025000 0.023438
0 0.850781 0.699219 0.029687 0.026562
0 0.721875 0.699219 0.031250 0.032813
0 0.224219 0.678906 0.020313 0.023438
0 0.547656 0.691406 0.026562 0.029687
0 0.171094 0.674219 0.017188 0.014063
0 0.482031 0.673438 0.029687 0.043750
0 0.357812 0.673438 0.025000 0.021875
0 0.109375 0.668750 0.021875 0.021875
0 0.035937 0.671094 0.031250 0.029687
0 0.921875 0.612500 0.021875 0.015625
0 0.861719 0.603125 0.032813 0.031250
0 0.724219 0.606250 0.026562 0.021875
0 0.666406 0.610156 0.026562 0.029687
0 0.610156 0.602344 0.023438 0.026562
0 0.480469 0.596094 0.020313 0.014063
0 0.550000 0.596875 0.021875 0.025000
0 0.041406 0.580469 0.023438 0.026562
0 0.182031 0.588281 0.023438 0.026562
0 0.423438 0.582812 0.021875 0.018750
0 0.229687 0.576562 0.025000 0.028125
0 0.111719 0.578906 0.026562 0.023438
0 0.685937 0.521094 0.031250 0.032813
0 0.927344 0.527344 0.026562 0.023438
0 0.742969 0.525000 0.029687 0.034375
0 0.557031 0.514062 0.020313 0.015625
0 0.617188 0.517969 0.025000 0.026562
0 0.313281 0.498437 0.035937 0.025000
0 0.497656 0.509375 0.029687 0.031250
0 0.229687 0.497656 0.015625 0.017188
0 0.125000 0.497656 0.018750 0.020313
0 0.055469 0.487500 0.023438 0.021875
0 0.808594 0.434375 0.029687 0.031250
0 0.744531 0.430469 0.023438 0.023438
0 0.685937 0.429688 0.021875 0.021875
0 0.627344 0.428125 0.026562 0.028125
0 0.433594 0.417969 0.026562 0.026562
0 0.562500 0.424219 0.031250 0.032813
0 0.501563 0.421094 0.031250 0.035937
0 0.364844 0.408594 0.017188 0.017188
0 0.051562 0.405469 0.025000 0.020313
0 0.188281 0.404687 0.032813 0.031250
0 0.133594 0.399219 0.023438 0.023438
0 0.872656 0.346094 0.029687 0.026562
0 0.936719 0.343750 0.023438 0.021875
0 0.687500 0.345313 0.028125 0.031250
0 0.745313 0.346875 0.040625 0.037500
0 0.629687 0.342187 0.025000 0.028125
0 0.566406 0.338281 0.023438 0.020313
0 0.814063 0.345313 0.034375 0.037500
0 0.432031 0.325000 0.029687 0.031250
0 0.317188 0.321094 0.028125 0.029687
0 0.246094 0.319531 0.023438 0.026562
0 0.372656 0.317969 0.026562 0.029687
0 0.185156 0.317188 0.032813 0.028125
0 0.124219 0.317188 0.023438 0.028125
0 0.059375 0.316406 0.031250 0.029687
0 0.879687 0.251563 0.025000 0.028125
0 0.938281 0.257812 0.026562 0.028125
0 0.756250 0.256250 0.028125 0.031250
0 0.690625 0.254688 0.034375 0.034375
0 0.814844 0.253906 0.035937 0.035937
0 0.628125 0.246875 0.028125 0.034375
0 0.568750 0.242969 0.028125 0.026562
0 0.503125 0.239844 0.031250 0.032813
0 0.317969 0.228125 0.029687 0.028125
0 0.437500 0.234375 0.031250 0.031250
0 0.374219 0.229687 0.029687 0.021875
0 0.192188 0.225781 0.025000 0.026562
0 0.128125 0.223438 0.031250 0.025000
0 0.944531 0.167187 0.017188 0.015625
0 0.771875 0.171094 0.025000 0.020313
0 0.698438 0.166406 0.025000 0.032813
0 0.657031 0.157812 0.020313 0.021875
0 0.831250 0.166406 0.025000 0.026562
0 0.578125 0.159375 0.021875 0.021875
0 0.400000 0.143750 0.034375 0.025000
0 0.521094 0.150781 0.026562 0.032813
0 0.074219 0.135156 0.029687 0.032813
0 0.707031 0.078125 0.029687 0.028125
0 0.892969 0.074219 0.023438 0.026562
0 0.775000 0.082031 0.028125 0.029687
0 0.834375 0.075000 0.021875 0.025000
0 0.521875 0.060156 0.018750 0.017188
0 0.328906 0.055469 0.026562 0.023438
0 0.022656 0.049219 0.026562 0.029687
0 0.143750 0.047656 0.025000 0.029687
0 0.967969 0.021094 0.029687 0.029687
0 0.196875 0.064844 0.043750 0.042188
0 0.453125 0.059375 0.040625 0.028125
0 0.390625 0.053125 0.034375 0.028125
0 0.638281 0.073438 0.035937 0.034375
0 0.950000 0.080469 0.037500 0.032813
0 0.502344 0.335156 0.042188 0.039062
0 0.310937 0.417187 0.031250 0.028125
0 0.240625 0.414062 0.040625 0.025000
0 0.248438 0.221875 0.028125 0.037500
0 0.082812 0.064844 0.037500 0.035937
0 0.173437 0.498437 0.031250 0.025000
0 0.363281 0.583594 0.029687 0.026562
0 0.373437 0.504687 0.021875 0.028125
0 0.421875 0.505469 0.028125 0.029687
0 0.424219 0.691406 0.023438 0.026562
0 0.979688 0.706250 0.028125 0.025000
0 0.791406 0.708594 0.026562 0.029687
0 0.705469 0.784375 0.026562 0.034375
0 0.661719 0.882812 0.045312 0.034375
0 0.470313 0.774219 0.034375 0.035937
0 0.412500 0.773438 0.037500 0.034375
0 0.351562 0.773438 0.031250 0.028125
0 0.353125 0.867969 0.034375 0.023438
0 0.407813 0.874219 0.034375 0.026562
0 0.466406 0.871875 0.035937 0.028125
0 0.215625 0.937500 0.046875 0.028125
0 0.833594 0.968750 0.032813 0.037500
0 0.844531 0.887500 0.026562 0.028125
0 0.953125 0.974219 0.028125 0.032813