0 0.576562 0.975000 0.025000 0.028125
0 0.390625 0.970313 0.034375 0.031250
0 0.142969 0.971094 0.023438 0.023438
0 0.272656 0.965625 0.032813 0.025000
0 0.079687 0.964063 0.028125 0.018750
0 0.207031 0.965625 0.026562 0.031250
0 0.024219 0.958594 0.026562 0.029687
0 0.408594 0.888281 0.029687 0.029687
0 0.092969 0.878906 0.029687 0.029687
0 0.038281 0.872656 0.029687 0.032813
0 0.724219 0.803125 0.032813 0.037500
0 0.346875 0.796094 0.031250 0.035937
0 0.410938 0.796875 0.021875 0.015625
0 0.092969 0.789844 0.029687 0.032813
0 0.856250 0.721875 0.025000 0.028125
0 0.800000 0.713281 0.034375 0.032813
0 0.414844 0.703906 0.029687 0.020313
0 0.162500 0.700781 0.025000 0.023438
0 0.350781 0.699219 0.029687 0.026562
0 0.221875 0.699219 0.031250 0.032813
0 0.047656 0.691406 0.026562 0.029687
0 0.862500 0.627344 0.015625 0.017188
0 0.671094 0.613281 0.032813 0.026562
0 0.546875 0.615625 0.031250 0.028125
0 0.485156 0.608594 0.029687 0.029687
0 0.421875 0.612500 0.021875 0.015625
0 0.361719 0.603125 0.032813 0.031250
0 0.224219 0.606250 0.026562 0.021875
0 0.166406 0.610156 0.026562 0.029687
0 0.110156 0.602344 0.023438 0.026562
0 0.050000 0.596875 0.021875 0.025000
0 0.861719 0.540625 0.035937 0.028125
0 0.812500 0.539062 0.025000 0.028125
0 0.552344 0.532031 0.026562 0.032813
0 0.185938 0.521094 0.031250 0.032813
0 0.675000 0.528906 0.015625 0.017188
0 0.742188 0.532031 0.025000 0.026562
0 0.488281 0.529687 0.026562 0.025000
0 0.619531 0.530469 0.026562 0.029687
0 0.427344 0.527344 0.026562 0.023438
0 0.242969 0.525000 0.029687 0.034375
0 0.057031 0.514062 0.020313 0.015625
0 0.117188 0.517969 0.025000 0.026562
0 0.871875 0.451562 0.028125 0.021875
0 0.808594 0.446875 0.026562 0.028125
0 0.678125 0.441406 0.025000 0.029687
0 0.555469 0.443750 0.029687 0.025000
0 0.614062 0.440625 0.018750 0.025000
0 0.497656 0.436719 0.042188 0.029687
0 0.743750 0.443750 0.031250 0.031250
0 0.308594 0.434375 0.029687 0.031250
0 0.244531 0.430469 0.023438 0.023438
0 0.185938 0.429688 0.021875 0.021875
0 0.127344 0.428125 0.026562 0.028125
0 0.062500 0.424219 0.031250 0.032813
0 0.874219 0.365625 0.023438 0.031250
0 0.689063 0.358594 0.025000 0.029687
0 0.809375 0.359375 0.034375 0.034375
0 0.562500 0.353125 0.025000 0.025000
0 0.372656 0.346094 0.029687 0.026562
0 0.750000 0.355469 0.028125 0.032813
0 0.497656 0.351562 0.029687 0.028125
0 0.625000 0.353906 0.031250 0.035937
0 0.436719 0.343750 0.023438 0.021875
0 0.187500 0.345313 0.028125 0.031250
0 0.245312 0.346875 0.040625 0.037500
0 0.129688 0.342187 0.025000 0.028125
0 0.066406 0.338281 0.023438 0.020313
0 0.314063 0.345313 0.034375 0.037500
0 0.872656 0.276562 0.026562 0.034375
0 0.809375 0.267188 0.028125 0.018750
0 0.689844 0.266406 0.032813 0.029687
0 0.631250 0.263281 0.028125 0.026562
0 0.564063 0.260156 0.025000 0.023438
0 0.379688 0.251563 0.025000 0.028125
0 0.749219 0.260937 0.032813 0.034375
0 0.503906 0.260937 0.032813 0.034375
0 0.438281 0.257812 0.026562 0.028125
0 0.256250 0.256250 0.028125 0.031250
0 0.190625 0.254688 0.034375 0.034375
0 0.314844 0.253906 0.035937 0.035937
0 0.128125 0.246875 0.028125 0.034375
0 0.068750 0.242969 0.028125 0.026562
0 0.511719 0.171875 0.023438 0.021875
0 0.444531 0.167187 0.017188 0.015625
0 0.271875 0.171094 0.025000 0.020313
0 0.778906 0.182812 0.026562 0.034375
0 0.572656 0.173437 0.026562 0.021875
0 0.640625 0.176563 0.031250 0.034375
0 0.198437 0.166406 0.025000 0.032813
0 0.157031 0.157812 0.020313 0.021875
0 0.331250 0.166406 0.025000 0.026562
0 0.078125 0.159375 0.021875 0.021875
0 0.021094 0.150781 0.026562 0.032813
0 0.642188 0.091406 0.025000 0.023438
0 0.525000 0.089063 0.040625 0.031250
0 0.582812 0.086719 0.028125 0.029687
0 0.207031 0.078125 0.029687 0.028125
0 0.392969 0.074219 0.023438 0.026562
0 0.275000 0.082031 0.028125 0.029687
0 0.334375 0.075000 0.021875 0.025000
0 0.021875 0.060156 0.018750 0.017188
0 0.526563 0.022656 0.031250 0.029687
0 0.467969 0.021094 0.029687 0.029687
0 0.590625 0.020313 0.028125 0.031250
0 0.138281 0.073438 0.035937 0.034375
0 0.650000 0.022656 0.034375 0.029687
0 0.450000 0.080469 0.037500 0.032813
0 0.738281 0.614062 0.035937 0.037500
0 0.800781 0.618750 0.029687 0.037500
0 0.602344 0.615625 0.023438 0.031250
0 0.537500 0.700000 0.028125 0.034375
0 0.479687 0.706250 0.028125 0.025000
0 0.660937 0.716406 0.037500 0.032813
0 0.738281 0.707812 0.029687 0.031250
0 0.291406 0.708594 0.026562 0.029687
0 0.205469 0.784375 0.026562 0.034375
0 0.161719 0.882812 0.045312 0.034375
0 0.333594 0.968750 0.032813 0.037500
0 0.344531 0.887500 0.026562 0.028125
0 0.453125 0.974219 0.028125 0.032813
0 0.637500 0.978906 0.025000 0.029687