0 0.076563 0.975000 0.025000 0.028125
0 0.224219 0.803125 0.032813 0.037500
0 0.356250 0.721875 0.025000 0.028125
0 0.300000 0.713281 0.034375 0.032813
0 0.362500 0.627344 0.015625 0.017188
0 0.171094 0.613281 0.032813 0.026562
0 0.046875 0.615625 0.031250 0.028125
0 0.361719 0.540625 0.035937 0.028125
0 0.312500 0.539062 0.025000 0.028125
0 0.052344 0.532031 0.026562 0.032813
0 0.175000 0.528906 0.015625 0.017188
0 0.242188 0.532031 0.025000 0.026562
0 0.119531 0.530469 0.026562 0.029687
0 0.371875 0.451562 0.028125 0.021875
0 0.308594 0.446875 0.026562 0.028125
0 0.178125 0.441406 0.025000 0.029687
0 0.055469 0.443750 0.029687 0.025000
0 0.114062 0.440625 0.018750 0.025000
0 0.243750 0.443750 0.031250 0.031250
0 0.374219 0.365625 0.023438 0.031250
0 0.189062 0.358594 0.025000 0.029687
0 0.309375 0.359375 0.034375 0.034375
0 0.062500 0.353125 0.025000 0.025000
0 0.250000 0.355469 0.028125 0.032813
0 0.125000 0.353906 0.031250 0.035937
0 0.372656 0.276562 0.026562 0.034375
0 0.309375 0.267188 0.028125 0.018750
0 0.189844 0.266406 0.032813 0.029687
0 0.131250 0.263281 0.028125 0.026562
0 0.064062 0.260156 0.025000 0.023438
0 0.249219 0.260937 0.032813 0.034375
0 0.278906 0.182812 0.026562 0.034375
0 0.072656 0.173437 0.026562 0.021875
0 0.140625 0.176563 0.031250 0.034375
0 0.142187 0.091406 0.025000 0.023438
0 0.025000 0.089063 0.040625 0.031250
0 0.082812 0.086719 0.028125 0.029687
0 0.026562 0.022656 0.031250 0.029687
0 0.090625 0.020313 0.028125 0.031250
0 0.150000 0.022656 0.034375 0.029687
0 0.238281 0.614062 0.035937 0.037500
0 0.300781 0.618750 0.029687 0.037500
0 0.102344 0.615625 0.023438 0.031250
0 0.037500 0.700000 0.028125 0.034375
0 0.160938 0.716406 0.037500 0.032813
0 0.238281 0.707812 0.029687 0.031250
0 0.137500 0.978906 0.025000 0.029687