0 0.940625 0.976562 0.028125 0.025000
0 0.880469 0.971875 0.026562 0.034375
0 0.390625 0.952344 0.031250 0.023438
0 0.821094 0.967187 0.035937 0.034375
0 0.332031 0.953125 0.023438 0.025000
0 0.758594 0.964844 0.032813 0.035937
0 0.507031 0.960938 0.029687 0.028125
0 0.630469 0.958594 0.029687 0.029687
0 0.270313 0.957031 0.031250 0.029687
0 0.692187 0.959375 0.037500 0.037500
0 0.451562 0.947656 0.021875 0.017188
0 0.198437 0.942187 0.031250 0.028125
0 0.564844 0.953906 0.035937 0.035937
0 0.155469 0.935156 0.032813 0.035937
0 0.086719 0.925000 0.035937 0.037500
0 0.947656 0.867969 0.017188 0.014063
0 0.831250 0.864062 0.025000 0.021875
0 0.889844 0.867188 0.032813 0.031250
0 0.702344 0.856250 0.020313 0.018750
0 0.758594 0.862500 0.032813 0.034375
0 0.582031 0.850781 0.029687 0.020313
0 0.635938 0.854688 0.025000 0.025000
0 0.445312 0.846875 0.025000 0.018750
0 0.517969 0.848437 0.029687 0.028125
0 0.394531 0.842187 0.032813 0.031250
0 0.206250 0.835938 0.025000 0.021875
0 0.328125 0.835156 0.028125 0.023438
0 0.271875 0.840625 0.037500 0.040625
0 0.140625 0.834375 0.034375 0.037500
0 0.080469 0.829688 0.029687 0.034375
0 0.893750 0.778906 0.028125 0.029687
0 0.950000 0.774219 0.025000 0.023438
0 0.832031 0.776563 0.039062 0.037500
0 0.766406 0.770312 0.029687 0.034375
0 0.579688 0.758594 0.037500 0.029687
0 0.701562 0.767969 0.034375 0.035937
0 0.646094 0.763281 0.026562 0.032813
0 0.450000 0.755469 0.028125 0.032813
0 0.396094 0.749219 0.017188 0.020313
0 0.328906 0.747656 0.026562 0.026562
0 0.277344 0.743750 0.023438 0.025000
0 0.147656 0.742969 0.032813 0.032813
0 0.211719 0.740625 0.029687 0.031250
0 0.084375 0.739844 0.031250 0.032813
0 0.968750 0.694531 0.021875 0.017188
0 0.900781 0.685156 0.032813 0.026562
0 0.714844 0.682813 0.032813 0.028125
0 0.592187 0.678906 0.025000 0.029687
0 0.847656 0.692187 0.032813 0.037500
0 0.775000 0.684375 0.021875 0.031250
0 0.528125 0.675781 0.025000 0.026562
0 0.648438 0.678906 0.034375 0.035937
0 0.462500 0.672656 0.021875 0.023438
0 0.224219 0.660937 0.014063 0.012500
0 0.398438 0.667969 0.031250 0.029687
0 0.280469 0.657813 0.023438 0.021875
0 0.339062 0.659375 0.028125 0.028125
0 0.153125 0.658594 0.037500 0.039062
0 0.084375 0.652344 0.043750 0.026562
0 0.024219 0.639844 0.023438 0.026562
0 0.850000 0.596094 0.034375 0.029687
0 0.910937 0.596875 0.034375 0.031250
0 0.779687 0.595313 0.031250 0.025000
0 0.718750 0.594531 0.028125 0.026562
0 0.536719 0.586719 0.026562 0.017188
0 0.653906 0.591406 0.026562 0.029687
0 0.598437 0.584375 0.028125 0.028125
0 0.410938 0.575781 0.025000 0.020313
0 0.464844 0.581250 0.032813 0.034375
0 0.353906 0.571875 0.029687 0.028125
0 0.293750 0.573438 0.034375 0.034375
0 0.229687 0.564844 0.028125 0.026562
0 0.164062 0.567187 0.034375 0.037500
0 0.028906 0.564063 0.029687 0.031250
0 0.909375 0.515625 0.021875 0.028125
0 0.848437 0.510156 0.025000 0.020313
0 0.780469 0.507031 0.029687 0.032813
0 0.542188 0.495312 0.025000 0.018750
0 0.662500 0.503906 0.028125 0.032813
0 0.603125 0.500000 0.031250 0.034375
0 0.467187 0.492969 0.034375 0.032813
0 0.289844 0.481250 0.020313 0.015625
0 0.226562 0.477344 0.025000 0.023438
0 0.166406 0.479687 0.020313 0.015625
0 0.353906 0.483594 0.032813 0.032813
0 0.103906 0.471094 0.023438 0.017188
0 0.039844 0.464844 0.017188 0.017188
0 0.851562 0.423438 0.018750 0.021875
0 0.979688 0.421094 0.028125 0.029687
0 0.913281 0.423438 0.035937 0.034375
0 0.789062 0.415625 0.031250 0.028125
0 0.725781 0.414844 0.029687 0.035937
0 0.603906 0.403906 0.026562 0.020313
0 0.660156 0.409375 0.032813 0.034375
0 0.542188 0.406250 0.028125 0.028125
0 0.473438 0.403125 0.034375 0.037500
0 0.294531 0.388281 0.029687 0.029687
0 0.413281 0.392188 0.023438 0.025000
0 0.356250 0.393750 0.031250 0.031250
0 0.234375 0.391406 0.025000 0.026562
0 0.176563 0.387500 0.028125 0.028125
0 0.107813 0.378125 0.018750 0.015625
0 0.036719 0.378906 0.023438 0.023438
0 0.870313 0.332031 0.031250 0.026562
0 0.927344 0.334375 0.035937 0.037500
0 0.739062 0.325781 0.028125 0.026562
0 0.802344 0.330469 0.039062 0.039062
0 0.678125 0.322656 0.031250 0.029687
0 0.560156 0.314063 0.017188 0.015625
0 0.434375 0.310156 0.025000 0.029687
0 0.617188 0.321875 0.037500 0.034375
0 0.484375 0.314063 0.040625 0.034375
0 0.379688 0.312500 0.028125 0.031250
0 0.196094 0.305469 0.020313 0.017188
0 0.315625 0.310937 0.031250 0.031250
0 0.257031 0.307031 0.023438 0.026562
0 0.739062 0.233594 0.031250 0.032813
0 0.867188 0.243750 0.028125 0.031250
0 0.808594 0.238281 0.029687 0.026562
0 0.678125 0.237500 0.031250 0.031250
0 0.563281 0.229687 0.029687 0.031250
0 0.627344 0.225781 0.017188 0.020313
0 0.439063 0.226562 0.021875 0.021875
0 0.245312 0.213281 0.031250 0.020313
0 0.494531 0.224219 0.032813 0.035937
0 0.375000 0.220312 0.025000 0.028125
0 0.142187 0.208594 0.025000 0.020313
0 0.797656 0.157812 0.032813 0.034375
0 0.970313 0.167969 0.028125 0.029687
0 0.729688 0.154688 0.031250 0.031250
0 0.860156 0.157812 0.023438 0.018750
0 0.400000 0.147656 0.028125 0.029687
0 0.217969 0.142187 0.029687 0.034375
0 0.603125 0.145313 0.028125 0.028125
0 0.278906 0.142969 0.026562 0.026562
0 0.538281 0.141406 0.032813 0.029687
0 0.468750 0.142969 0.031250 0.032813
0 0.033594 0.129688 0.020313 0.021875
0 0.085156 0.127344 0.026562 0.023438
0 0.978906 0.069531 0.029687 0.039062
0 0.910937 0.075000 0.031250 0.025000
0 0.675781 0.053906 0.029687 0.026562
0 0.742969 0.057813 0.029687 0.031250
0 0.867188 0.062500 0.025000 0.037500
0 0.799219 0.055469 0.026562 0.029687
0 0.407813 0.054688 0.021875 0.018750
0 0.349219 0.049219 0.026562 0.029687
0 0.611719 0.053906 0.029687 0.032813
0 0.470313 0.053906 0.040625 0.039062
0 0.289844 0.048438 0.032813 0.034375
0 0.542188 0.046875 0.031250 0.034375
0 0.226562 0.042188 0.028125 0.031250
0 0.039062 0.039844 0.028125 0.035937
0 0.096875 0.033594 0.028125 0.029687
0 0.657031 0.154688 0.029687 0.028125
0 0.899219 0.164844 0.023438 0.026562
0 0.193750 0.217969 0.028125 0.029687
0 0.414062 0.490625 0.034375 0.037500
0 0.713281 0.505469 0.032813 0.039062
0 0.966406 0.600000 0.035937 0.028125
0 0.513281 0.757812 0.032813 0.025000
0 0.014844 0.731250 0.026562 0.031250