0 0.820312 0.985938 0.018750 0.015625
0 0.753906 0.983594 0.023438 0.023438
0 0.692969 0.983594 0.023438 0.029687
0 0.440625 0.976562 0.028125 0.025000
0 0.573438 0.975781 0.028125 0.026562
0 0.511719 0.976562 0.032813 0.028125
0 0.631250 0.976562 0.031250 0.034375
0 0.380469 0.971875 0.026562 0.034375
0 0.321094 0.967187 0.035937 0.034375
0 0.258594 0.964844 0.032813 0.035937
0 0.130469 0.958594 0.029687 0.029687
0 0.192188 0.959375 0.037500 0.037500
0 0.064844 0.953906 0.035937 0.035937
0 0.885156 0.899219 0.032813 0.032813
0 0.825000 0.896094 0.031250 0.020313
0 0.752344 0.888281 0.029687 0.026562
0 0.696094 0.885156 0.029687 0.029687
0 0.571094 0.875781 0.026562 0.026562
0 0.447656 0.867969 0.017188 0.014063
0 0.510938 0.867969 0.034375 0.029687
0 0.331250 0.864062 0.025000 0.021875
0 0.389844 0.867188 0.032813 0.031250
0 0.202344 0.856250 0.020313 0.018750
0 0.258594 0.862500 0.032813 0.034375
0 0.082031 0.850781 0.029687 0.020313
0 0.135937 0.854688 0.025000 0.025000
0 0.017969 0.848437 0.029687 0.028125
0 0.880469 0.811719 0.020313 0.023438
0 0.825781 0.812500 0.023438 0.025000
0 0.753906 0.794531 0.032813 0.029687
0 0.944531 0.812500 0.032813 0.037500
0 0.640625 0.789062 0.031250 0.021875
0 0.703906 0.794531 0.029687 0.032813
0 0.393750 0.778906 0.028125 0.029687
0 0.572656 0.784375 0.020313 0.025000
0 0.450000 0.774219 0.025000 0.023438
0 0.510938 0.775781 0.031250 0.035937
0 0.332031 0.776563 0.039062 0.037500
0 0.266406 0.770312 0.029687 0.034375
0 0.079687 0.758594 0.037500 0.029687
0 0.201563 0.767969 0.034375 0.035937
0 0.146094 0.763281 0.026562 0.032813
0 0.959375 0.728906 0.021875 0.010937
0 0.838281 0.725000 0.026562 0.028125
0 0.774219 0.714063 0.026562 0.028125
0 0.653906 0.700781 0.029687 0.029687
0 0.468750 0.694531 0.021875 0.017188
0 0.400781 0.685156 0.032813 0.026562
0 0.214844 0.682813 0.032813 0.028125
0 0.092188 0.678906 0.025000 0.029687
0 0.528125 0.689063 0.031250 0.028125
0 0.347656 0.692187 0.032813 0.037500
0 0.275000 0.684375 0.021875 0.031250
0 0.028125 0.675781 0.025000 0.026562
0 0.148438 0.678906 0.034375 0.035937
0 0.900781 0.635938 0.020313 0.018750
0 0.956250 0.631250 0.021875 0.028125
0 0.590625 0.610156 0.034375 0.029687
0 0.777344 0.620313 0.029687 0.031250
0 0.720313 0.614062 0.028125 0.031250
0 0.533594 0.604688 0.020313 0.015625
0 0.350000 0.596094 0.034375 0.029687
0 0.410938 0.596875 0.034375 0.031250
0 0.279687 0.595313 0.031250 0.025000
0 0.218750 0.594531 0.028125 0.026562
0 0.036719 0.586719 0.026562 0.017188
0 0.153906 0.591406 0.026562 0.029687
0 0.098437 0.584375 0.028125 0.028125
0 0.960156 0.542969 0.023438 0.020313
0 0.896094 0.546875 0.029687 0.031250
0 0.841406 0.539844 0.020313 0.017188
0 0.780469 0.527344 0.010937 0.007812
0 0.721875 0.532031 0.028125 0.029687
0 0.596094 0.525000 0.026562 0.021875
0 0.409375 0.515625 0.021875 0.028125
0 0.348438 0.510156 0.025000 0.020313
0 0.534375 0.516406 0.031250 0.035937
0 0.280469 0.507031 0.029687 0.032813
0 0.042188 0.495312 0.025000 0.018750
0 0.162500 0.503906 0.028125 0.032813
0 0.103125 0.500000 0.031250 0.034375
0 0.963281 0.452344 0.023438 0.023438
0 0.902344 0.453906 0.029687 0.029687
0 0.842969 0.449219 0.032813 0.032813
0 0.591406 0.431250 0.032813 0.031250
0 0.351562 0.423438 0.018750 0.021875
0 0.539062 0.427344 0.031250 0.035937
0 0.479687 0.421094 0.028125 0.029687
0 0.413281 0.423438 0.035937 0.034375
0 0.289062 0.415625 0.031250 0.028125
0 0.225781 0.414844 0.029687 0.035937
0 0.103906 0.403906 0.026562 0.020313
0 0.160156 0.409375 0.032813 0.034375
0 0.042188 0.406250 0.028125 0.028125
0 0.739062 0.354687 0.034375 0.031250
0 0.672656 0.347656 0.029687 0.032813
0 0.614062 0.345313 0.034375 0.034375
0 0.559375 0.339062 0.034375 0.034375
0 0.492188 0.336719 0.034375 0.032813
0 0.370312 0.332031 0.031250 0.026562
0 0.427344 0.334375 0.035937 0.037500
0 0.239063 0.325781 0.028125 0.026562
0 0.302344 0.330469 0.039062 0.039062
0 0.178125 0.322656 0.031250 0.029687
0 0.060156 0.314063 0.017188 0.015625
0 0.117188 0.321875 0.037500 0.034375
0 0.805469 0.275000 0.026562 0.031250
0 0.747656 0.263281 0.023438 0.023438
0 0.612500 0.257812 0.025000 0.025000
0 0.689063 0.254688 0.031250 0.025000
0 0.556250 0.254688 0.028125 0.031250
0 0.239063 0.233594 0.031250 0.032813
0 0.500781 0.248438 0.039062 0.040625
0 0.367188 0.243750 0.028125 0.031250
0 0.308594 0.238281 0.029687 0.026562
0 0.178125 0.237500 0.031250 0.031250
0 0.063281 0.229687 0.029687 0.031250
0 0.127344 0.225781 0.017188 0.020313
0 0.724219 0.178906 0.020313 0.023438
0 0.671094 0.174219 0.017188 0.014063
0 0.982031 0.173437 0.029687 0.043750
0 0.857812 0.173437 0.025000 0.021875
0 0.609375 0.168750 0.021875 0.021875
0 0.535937 0.171094 0.031250 0.029687
0 0.297656 0.157812 0.032813 0.034375
0 0.470313 0.167969 0.028125 0.029687
0 0.229687 0.154688 0.031250 0.031250
0 0.360156 0.157812 0.023438 0.018750
0 0.103125 0.145313 0.028125 0.028125
0 0.038281 0.141406 0.032813 0.029687
0 0.980469 0.096094 0.020313 0.014063
0 0.541406 0.080469 0.023438 0.026562
0 0.682031 0.088281 0.023438 0.026562
0 0.923438 0.082812 0.021875 0.018750
0 0.478906 0.069531 0.029687 0.039062
0 0.729688 0.076563 0.025000 0.028125
0 0.410938 0.075000 0.031250 0.025000
0 0.611719 0.078906 0.026562 0.023438
0 0.175781 0.053906 0.029687 0.026562
0 0.242969 0.057813 0.029687 0.031250
0 0.367188 0.062500 0.025000 0.037500
0 0.299219 0.055469 0.026562 0.029687
0 0.111719 0.053906 0.029687 0.032813
0 0.042188 0.046875 0.031250 0.034375
0 0.157031 0.154688 0.029687 0.028125
0 0.863281 0.083594 0.029687 0.026562
0 0.924219 0.191406 0.023438 0.026562
0 0.399219 0.164844 0.023438 0.026562
0 0.970313 0.274219 0.034375 0.035937
0 0.912500 0.273438 0.037500 0.034375
0 0.851562 0.273438 0.031250 0.028125
0 0.853125 0.367969 0.034375 0.023438
0 0.907813 0.374219 0.034375 0.026562
0 0.966406 0.371875 0.035937 0.028125
0 0.715625 0.437500 0.046875 0.028125
0 0.213281 0.505469 0.032813 0.039062
0 0.889062 0.728906 0.037500 0.032813
0 0.657031 0.614844 0.029687 0.026562
0 0.466406 0.600000 0.035937 0.028125
0 0.624219 0.888281 0.035937 0.039062
0 0.941406 0.900000 0.035937 0.031250