0 0.320312 0.985938 0.018750 0.015625
0 0.253906 0.983594 0.023438 0.023438
0 0.192969 0.983594 0.023438 0.029687
0 0.073438 0.975781 0.028125 0.026562
0 0.131250 0.976562 0.031250 0.034375
0 0.940625 0.925000 0.012500 0.009375
0 0.683594 0.920312 0.017188 0.012500
0 0.811719 0.917188 0.017188 0.015625
0 0.870313 0.916406 0.025000 0.023438
0 0.617188 0.917188 0.028125 0.028125
0 0.745313 0.916406 0.028125 0.032813
0 0.385156 0.899219 0.032813 0.032813
0 0.500781 0.906250 0.029687 0.021875
0 0.563281 0.908594 0.029687 0.032813
0 0.325000 0.896094 0.031250 0.020313
0 0.252344 0.888281 0.029687 0.026562
0 0.196094 0.885156 0.029687 0.029687
0 0.071094 0.875781 0.026562 0.026562
0 0.875000 0.828125 0.021875 0.012500
0 0.750000 0.827344 0.025000 0.026562
0 0.818750 0.820312 0.028125 0.021875
0 0.688281 0.822656 0.029687 0.026562
0 0.623437 0.823438 0.031250 0.037500
0 0.567969 0.818750 0.032813 0.034375
0 0.380469 0.811719 0.020313 0.023438
0 0.325781 0.812500 0.023438 0.025000
0 0.253906 0.794531 0.032813 0.029687
0 0.444531 0.812500 0.032813 0.037500
0 0.140625 0.789062 0.031250 0.021875
0 0.203906 0.794531 0.029687 0.032813
0 0.072656 0.784375 0.020313 0.025000
0 0.825781 0.744531 0.026562 0.026562
0 0.752344 0.746094 0.029687 0.020313
0 0.882031 0.741406 0.020313 0.020313
0 0.696094 0.741406 0.039062 0.029687
0 0.632812 0.739844 0.025000 0.029687
0 0.459375 0.728906 0.021875 0.010937
0 0.576562 0.737500 0.031250 0.037500
0 0.520312 0.727344 0.025000 0.026562
0 0.338281 0.725000 0.026562 0.028125
0 0.274219 0.714063 0.026562 0.028125
0 0.153906 0.700781 0.029687 0.029687
0 0.028125 0.689063 0.031250 0.028125
0 0.761719 0.646094 0.023438 0.017188
0 0.947656 0.645312 0.017188 0.018750
0 0.579688 0.639844 0.025000 0.032813
0 0.692187 0.642188 0.021875 0.015625
0 0.636719 0.645312 0.023438 0.028125
0 0.520312 0.634375 0.031250 0.025000
0 0.400781 0.635938 0.020313 0.018750
0 0.456250 0.631250 0.021875 0.028125
0 0.090625 0.610156 0.034375 0.029687
0 0.277344 0.620313 0.029687 0.031250
0 0.220312 0.614062 0.028125 0.031250
0 0.033594 0.604688 0.020313 0.015625
0 0.828906 0.560937 0.023438 0.031250
0 0.770312 0.560937 0.028125 0.021875
0 0.703906 0.567187 0.017188 0.021875
0 0.576562 0.549219 0.025000 0.026562
0 0.636719 0.560156 0.029687 0.029687
0 0.524219 0.546875 0.026562 0.025000
0 0.460156 0.542969 0.023438 0.020313
0 0.396094 0.546875 0.029687 0.031250
0 0.341406 0.539844 0.020313 0.017188
0 0.280469 0.527344 0.010937 0.007812
0 0.221875 0.532031 0.028125 0.029687
0 0.096094 0.525000 0.026562 0.021875
0 0.034375 0.516406 0.031250 0.035937
0 0.890625 0.470313 0.034375 0.031250
0 0.642969 0.471094 0.023438 0.023438
0 0.772656 0.465625 0.032813 0.025000
0 0.579688 0.464062 0.028125 0.018750
0 0.707031 0.465625 0.026562 0.031250
0 0.524219 0.458594 0.026562 0.029687
0 0.463281 0.452344 0.023438 0.023438
0 0.402344 0.453906 0.029687 0.029687
0 0.342969 0.449219 0.032813 0.032813
0 0.091406 0.431250 0.032813 0.031250
0 0.039062 0.427344 0.031250 0.035937
0 0.908594 0.388281 0.029687 0.029687
0 0.592969 0.378906 0.029687 0.029687
0 0.538281 0.372656 0.029687 0.032813
0 0.239063 0.354687 0.034375 0.031250
0 0.172656 0.347656 0.029687 0.032813
0 0.114062 0.345313 0.034375 0.034375
0 0.059375 0.339062 0.034375 0.034375
0 0.846875 0.296094 0.031250 0.035937
0 0.910937 0.296875 0.021875 0.015625
0 0.305469 0.275000 0.026562 0.031250
0 0.592969 0.289844 0.029687 0.032813
0 0.247656 0.263281 0.023438 0.023438
0 0.112500 0.257812 0.025000 0.025000
0 0.189062 0.254688 0.031250 0.025000
0 0.056250 0.254688 0.028125 0.031250
0 0.914844 0.203906 0.029687 0.020313
0 0.662500 0.200781 0.025000 0.023438
0 0.850781 0.199219 0.029687 0.026562
0 0.721875 0.199219 0.031250 0.032813
0 0.224219 0.178906 0.020313 0.023438
0 0.547656 0.191406 0.026562 0.029687
0 0.171094 0.174219 0.017188 0.014063
0 0.482031 0.173437 0.029687 0.043750
0 0.357812 0.173437 0.025000 0.021875
0 0.109375 0.168750 0.021875 0.021875
0 0.035937 0.171094 0.031250 0.029687
0 0.921875 0.112500 0.021875 0.015625
0 0.861719 0.103125 0.032813 0.031250
0 0.724219 0.106250 0.026562 0.021875
0 0.666406 0.110156 0.026562 0.029687
0 0.610156 0.102344 0.023438 0.026562
0 0.480469 0.096094 0.020313 0.014063
0 0.550000 0.096875 0.021875 0.025000
0 0.041406 0.080469 0.023438 0.026562
0 0.182031 0.088281 0.023438 0.026562
0 0.423438 0.082812 0.021875 0.018750
0 0.229687 0.076563 0.025000 0.028125
0 0.111719 0.078906 0.026562 0.023438
0 0.685937 0.021094 0.031250 0.032813
0 0.927344 0.027344 0.026562 0.023438
0 0.742969 0.025000 0.029687 0.034375
0 0.557031 0.014063 0.020313 0.015625
0 0.617188 0.017969 0.025000 0.026562
0 0.363281 0.083594 0.029687 0.026562
0 0.424219 0.191406 0.023438 0.026562
0 0.979688 0.206250 0.028125 0.025000
0 0.791406 0.208594 0.026562 0.029687
0 0.705469 0.284375 0.026562 0.034375
0 0.661719 0.382812 0.045312 0.034375
0 0.470313 0.274219 0.034375 0.035937
0 0.412500 0.273438 0.037500 0.034375
0 0.351562 0.273438 0.031250 0.028125
0 0.353125 0.367969 0.034375 0.023438
0 0.407813 0.374219 0.034375 0.026562
0 0.466406 0.371875 0.035937 0.028125
0 0.215625 0.437500 0.046875 0.028125
0 0.833594 0.468750 0.032813 0.037500
0 0.844531 0.387500 0.026562 0.028125
0 0.953125 0.474219 0.028125 0.032813
0 0.951562 0.560937 0.031250 0.031250
0 0.943750 0.830469 0.034375 0.032813
0 0.835156 0.642188 0.029687 0.034375
0 0.499219 0.820312 0.029687 0.031250
0 0.389062 0.728906 0.037500 0.032813
0 0.157031 0.614844 0.029687 0.026562
0 0.124219 0.888281 0.035937 0.039062
0 0.441406 0.900000 0.035937 0.031250
0 0.949219 0.749219 0.029687 0.029687