0 0.878125 0.937500 0.015625 0.021875
0 0.735938 0.934375 0.028125 0.034375
0 0.673438 0.934375 0.025000 0.025000
0 0.559375 0.931250 0.021875 0.018750
0 0.440625 0.925000 0.012500 0.009375
0 0.614062 0.927344 0.021875 0.017188
0 0.183594 0.920312 0.017188 0.012500
0 0.311719 0.917188 0.017188 0.015625
0 0.370312 0.916406 0.025000 0.023438
0 0.117188 0.917188 0.028125 0.028125
0 0.245312 0.916406 0.028125 0.032813
0 0.063281 0.908594 0.029687 0.032813
0 0.805469 0.840625 0.035937 0.034375
0 0.682813 0.837500 0.028125 0.031250
0 0.375000 0.828125 0.021875 0.012500
0 0.614844 0.837500 0.042188 0.034375
0 0.875781 0.832031 0.020313 0.035937
0 0.250000 0.827344 0.025000 0.026562
0 0.318750 0.820312 0.028125 0.021875
0 0.188281 0.822656 0.029687 0.026562
0 0.123438 0.823438 0.031250 0.037500
0 0.067969 0.818750 0.032813 0.034375
0 0.819531 0.759375 0.029687 0.028125
0 0.754687 0.761719 0.028125 0.032813
0 0.507812 0.751563 0.018750 0.015625
0 0.325781 0.744531 0.026562 0.026562
0 0.252344 0.746094 0.029687 0.020313
0 0.382031 0.741406 0.020313 0.020313
0 0.196094 0.741406 0.039062 0.029687
0 0.132812 0.739844 0.025000 0.029687
0 0.076563 0.737500 0.031250 0.037500
0 0.020313 0.727344 0.025000 0.026562
0 0.644531 0.667188 0.026562 0.028125
0 0.756250 0.669531 0.021875 0.017188
0 0.830469 0.668750 0.023438 0.025000
0 0.574219 0.660156 0.023438 0.020313
0 0.261719 0.646094 0.023438 0.017188
0 0.447656 0.645312 0.017188 0.018750
0 0.079687 0.639844 0.025000 0.032813
0 0.192188 0.642188 0.021875 0.015625
0 0.136719 0.645312 0.023438 0.028125
0 0.020313 0.634375 0.031250 0.025000
0 0.832812 0.578906 0.034375 0.032813
0 0.328906 0.560937 0.023438 0.031250
0 0.270313 0.560937 0.028125 0.021875
0 0.203906 0.567187 0.017188 0.021875
0 0.076563 0.549219 0.025000 0.026562
0 0.136719 0.560156 0.029687 0.029687
0 0.024219 0.546875 0.026562 0.025000
0 0.576562 0.475000 0.025000 0.028125
0 0.834375 0.488281 0.025000 0.029687
0 0.390625 0.470313 0.034375 0.031250
0 0.142969 0.471094 0.023438 0.023438
0 0.272656 0.465625 0.032813 0.025000
0 0.079687 0.464062 0.028125 0.018750
0 0.207031 0.465625 0.026562 0.031250
0 0.024219 0.458594 0.026562 0.029687
0 0.408594 0.388281 0.029687 0.029687
0 0.092969 0.378906 0.029687 0.029687
0 0.038281 0.372656 0.029687 0.032813
0 0.724219 0.303125 0.032813 0.037500
0 0.346875 0.296094 0.031250 0.035937
0 0.410938 0.296875 0.021875 0.015625
0 0.092969 0.289844 0.029687 0.032813
0 0.856250 0.221875 0.025000 0.028125
0 0.800000 0.213281 0.034375 0.032813
0 0.414844 0.203906 0.029687 0.020313
0 0.162500 0.200781 0.025000 0.023438
0 0.350781 0.199219 0.029687 0.026562
0 0.221875 0.199219 0.031250 0.032813
0 0.047656 0.191406 0.026562 0.029687
0 0.862500 0.127344 0.015625 0.017188
0 0.671094 0.113281 0.032813 0.026562
0 0.546875 0.115625 0.031250 0.028125
0 0.485156 0.108594 0.029687 0.029687
0 0.421875 0.112500 0.021875 0.015625
0 0.361719 0.103125 0.032813 0.031250
0 0.224219 0.106250 0.026562 0.021875
0 0.166406 0.110156 0.026562 0.029687
0 0.110156 0.102344 0.023438 0.026562
0 0.050000 0.096875 0.021875 0.025000
0 0.861719 0.040625 0.035937 0.028125
0 0.812500 0.039062 0.025000 0.028125
0 0.552344 0.032031 0.026562 0.032813
0 0.185938 0.021094 0.031250 0.032813
0 0.675000 0.028906 0.015625 0.017188
0 0.742188 0.032031 0.025000 0.026562
0 0.488281 0.029687 0.026562 0.025000
0 0.619531 0.030469 0.026562 0.029687
0 0.427344 0.027344 0.026562 0.023438
0 0.242969 0.025000 0.029687 0.034375
0 0.057031 0.014063 0.020313 0.015625
0 0.117188 0.017969 0.025000 0.026562
0 0.738281 0.114062 0.035937 0.037500
0 0.800781 0.118750 0.029687 0.037500
0 0.602344 0.115625 0.023438 0.031250
0 0.537500 0.200000 0.028125 0.034375
0 0.479687 0.206250 0.028125 0.025000
0 0.660937 0.216406 0.037500 0.032813
0 0.738281 0.207813 0.029687 0.031250
0 0.291406 0.208594 0.026562 0.029687
0 0.205469 0.284375 0.026562 0.034375
0 0.161719 0.382812 0.045312 0.034375
0 0.333594 0.468750 0.032813 0.037500
0 0.344531 0.387500 0.026562 0.028125
0 0.453125 0.474219 0.028125 0.032813
0 0.451562 0.560937 0.031250 0.031250
0 0.510938 0.567969 0.040625 0.032813
0 0.764844 0.489844 0.026562 0.035937
0 0.637500 0.478906 0.025000 0.029687
0 0.696094 0.659375 0.029687 0.028125
0 0.685156 0.753906 0.039062 0.032813
0 0.551562 0.833594 0.040625 0.035937
0 0.502344 0.832812 0.029687 0.031250
0 0.443750 0.830469 0.034375 0.032813
0 0.335156 0.642188 0.029687 0.034375
0 0.805469 0.942187 0.035937 0.025000
0 0.493750 0.928125 0.025000 0.028125
0 0.449219 0.749219 0.029687 0.029687