0 0.846875 0.947656 0.025000 0.029687
0 0.613281 0.935937 0.035937 0.037500
0 0.667969 0.935937 0.035937 0.034375
0 0.545312 0.937500 0.018750 0.025000
0 0.479687 0.933594 0.028125 0.026562
0 0.417969 0.926562 0.014063 0.012500
0 0.357031 0.922656 0.017188 0.020313
0 0.296094 0.919531 0.014063 0.014063
0 0.232813 0.921094 0.018750 0.023438
0 0.107813 0.917969 0.012500 0.017188
0 0.167187 0.919531 0.015625 0.023438
0 0.040625 0.916406 0.028125 0.026562
0 0.550781 0.846875 0.029687 0.031250
0 0.484375 0.842187 0.031250 0.031250
0 0.375781 0.836719 0.026562 0.023438
0 0.428906 0.843750 0.017188 0.021875
0 0.315625 0.837500 0.015625 0.021875
0 0.253125 0.834375 0.021875 0.021875
0 0.180469 0.832812 0.029687 0.028125
0 0.051562 0.829688 0.031250 0.037500
0 0.620313 0.757812 0.021875 0.025000
0 0.497656 0.755469 0.017188 0.023438
0 0.558594 0.754687 0.026562 0.025000
0 0.437500 0.752344 0.015625 0.020313
0 0.255469 0.737500 0.026562 0.025000
0 0.385937 0.745313 0.015625 0.018750
0 0.121875 0.741406 0.031250 0.026562
0 0.190625 0.742188 0.021875 0.018750
0 0.059375 0.738281 0.025000 0.029687
0 0.596094 0.673438 0.023438 0.025000
0 0.530469 0.667969 0.023438 0.017188
0 0.343750 0.657813 0.034375 0.028125
0 0.403906 0.656250 0.029687 0.034375
0 0.221094 0.659375 0.023438 0.025000
0 0.105469 0.657813 0.020313 0.025000
0 0.155469 0.657031 0.032813 0.026562
0 0.040625 0.657031 0.028125 0.026562
0 0.792969 0.579688 0.032813 0.031250
0 0.735938 0.578906 0.028125 0.026562
0 0.241406 0.568750 0.026562 0.028125
0 0.536719 0.577344 0.042188 0.039062
0 0.292187 0.565625 0.031250 0.037500
0 0.664062 0.579688 0.031250 0.028125
0 0.476562 0.574219 0.034375 0.035937
0 0.346875 0.565625 0.031250 0.031250
0 0.414062 0.566406 0.034375 0.035937
0 0.048438 0.566406 0.025000 0.026562
0 0.110937 0.566406 0.021875 0.029687
0 0.164844 0.565625 0.032813 0.031250
0 0.853125 0.494531 0.031250 0.029687
0 0.736719 0.490625 0.035937 0.037500
0 0.677344 0.492969 0.042188 0.035937
0 0.548438 0.499219 0.021875 0.029687
0 0.481250 0.485938 0.040625 0.037500
0 0.789062 0.489063 0.031250 0.031250
0 0.418750 0.483594 0.034375 0.032813
0 0.610156 0.492969 0.035937 0.029687
0 0.242969 0.486719 0.032813 0.032813
0 0.182812 0.484375 0.034375 0.028125
0 0.308594 0.484375 0.032813 0.031250
0 0.120313 0.478125 0.028125 0.037500
0 0.061719 0.478125 0.039062 0.025000
0 0.742188 0.407031 0.028125 0.026562
0 0.861719 0.403125 0.029687 0.031250
0 0.550781 0.400781 0.026562 0.035937
0 0.799219 0.401562 0.029687 0.025000
0 0.611719 0.403906 0.023438 0.026562
0 0.300000 0.392188 0.034375 0.037500
0 0.242969 0.393750 0.029687 0.025000
0 0.489063 0.398438 0.025000 0.021875
0 0.669531 0.399219 0.035937 0.029687
0 0.425000 0.394531 0.028125 0.032813
0 0.125000 0.390625 0.037500 0.028125
0 0.179688 0.385156 0.037500 0.029687
0 0.742188 0.321094 0.025000 0.023438
0 0.310937 0.309375 0.031250 0.028125
0 0.801562 0.321094 0.025000 0.026562
0 0.678906 0.319531 0.020313 0.023438
0 0.857812 0.319531 0.021875 0.026562
0 0.553125 0.315625 0.021875 0.025000
0 0.617969 0.314844 0.020313 0.026562
0 0.371094 0.307812 0.026562 0.031250
0 0.429688 0.305469 0.028125 0.026562
0 0.189844 0.307031 0.023438 0.023438
0 0.128906 0.304688 0.023438 0.025000
0 0.063281 0.301563 0.029687 0.028125
0 0.728906 0.222656 0.042188 0.035937
0 0.855469 0.224219 0.026562 0.026562
0 0.678906 0.221094 0.020313 0.020313
0 0.617188 0.220312 0.025000 0.021875
0 0.187500 0.215625 0.028125 0.028125
0 0.128906 0.210156 0.029687 0.026562
0 0.796094 0.221094 0.026562 0.029687
0 0.552344 0.218750 0.029687 0.031250
0 0.243750 0.207031 0.031250 0.026562
0 0.491406 0.214844 0.023438 0.029687
0 0.431250 0.207031 0.028125 0.026562
0 0.440625 0.134375 0.031250 0.037500
0 0.621875 0.140625 0.028125 0.025000
0 0.564844 0.136719 0.023438 0.020313
0 0.378125 0.129688 0.034375 0.034375
0 0.685156 0.137500 0.023438 0.025000
0 0.742969 0.135156 0.023438 0.023438
0 0.496875 0.135937 0.021875 0.025000
0 0.257031 0.125781 0.029687 0.032813
0 0.800000 0.137500 0.037500 0.031250
0 0.314063 0.133594 0.031250 0.023438
0 0.139063 0.127344 0.031250 0.029687
0 0.074219 0.117969 0.029687 0.035937
0 0.200781 0.123438 0.026562 0.021875
0 0.877344 0.055469 0.017188 0.023438
0 0.813281 0.052344 0.023438 0.023438
0 0.623437 0.050781 0.021875 0.020313
0 0.749219 0.052344 0.026562 0.026562
0 0.267188 0.040625 0.025000 0.028125
0 0.683594 0.050000 0.029687 0.028125
0 0.203906 0.036719 0.035937 0.032813
0 0.560156 0.044531 0.026562 0.026562
0 0.445312 0.041406 0.018750 0.026562
0 0.142187 0.032813 0.040625 0.037500
0 0.374219 0.035937 0.029687 0.028125
0 0.323437 0.036719 0.025000 0.029687
0 0.071875 0.029687 0.053125 0.037500
0 0.367188 0.207031 0.040625 0.029687
0 0.505469 0.045312 0.045312 0.031250
0 0.064844 0.214062 0.029687 0.034375
0 0.872656 0.775000 0.026562 0.034375
0 0.861719 0.872656 0.029687 0.029687
0 0.728906 0.939063 0.042188 0.034375
0 0.786719 0.945312 0.039062 0.031250
0 0.121094 0.828906 0.035937 0.039062
0 0.317969 0.744531 0.039062 0.035937
0 0.463281 0.664062 0.039062 0.031250
0 0.605469 0.573438 0.032813 0.031250
0 0.845313 0.684375 0.034375 0.034375
0 0.373437 0.489063 0.043750 0.043750
0 0.496875 0.309375 0.040625 0.034375
0 0.313281 0.207813 0.035937 0.037500
0 0.252344 0.312500 0.035937 0.037500
0 0.607812 0.850000 0.034375 0.031250