0 0.378125 0.937500 0.015625 0.021875
0 0.235937 0.934375 0.028125 0.034375
0 0.173437 0.934375 0.025000 0.025000
0 0.059375 0.931250 0.021875 0.018750
0 0.114062 0.927344 0.021875 0.017188
0 0.305469 0.840625 0.035937 0.034375
0 0.182812 0.837500 0.028125 0.031250
0 0.114844 0.837500 0.042188 0.034375
0 0.375781 0.832031 0.020313 0.035937
0 0.319531 0.759375 0.029687 0.028125
0 0.254688 0.761719 0.028125 0.032813
0 0.144531 0.667188 0.026562 0.028125
0 0.256250 0.669531 0.021875 0.017188
0 0.330469 0.668750 0.023438 0.025000
0 0.074219 0.660156 0.023438 0.020313
0 0.332813 0.578906 0.034375 0.032813
0 0.076563 0.475000 0.025000 0.028125
0 0.334375 0.488281 0.025000 0.029687
0 0.224219 0.303125 0.032813 0.037500
0 0.356250 0.221875 0.025000 0.028125
0 0.300000 0.213281 0.034375 0.032813
0 0.362500 0.127344 0.015625 0.017188
0 0.171094 0.113281 0.032813 0.026562
0 0.046875 0.115625 0.031250 0.028125
0 0.361719 0.040625 0.035937 0.028125
0 0.312500 0.039062 0.025000 0.028125
0 0.052344 0.032031 0.026562 0.032813
0 0.175000 0.028906 0.015625 0.017188
0 0.242188 0.032031 0.025000 0.026562
0 0.119531 0.030469 0.026562 0.029687
0 0.238281 0.114062 0.035937 0.037500
0 0.300781 0.118750 0.029687 0.037500
0 0.102344 0.115625 0.023438 0.031250
0 0.037500 0.200000 0.028125 0.034375
0 0.160938 0.216406 0.037500 0.032813
0 0.238281 0.207813 0.029687 0.031250
0 0.264844 0.489844 0.026562 0.035937
0 0.137500 0.478906 0.025000 0.029687
0 0.196094 0.659375 0.029687 0.028125
0 0.185156 0.753906 0.039062 0.032813
0 0.051562 0.833594 0.040625 0.035937
0 0.305469 0.942187 0.035937 0.025000