0 0.469531 0.879687 0.035937 0.012500
0 0.238281 0.879687 0.026562 0.012500
0 0.117969 0.871875 0.029687 0.028125
0 0.053125 0.868750 0.031250 0.034375
0 0.917969 0.830469 0.032813 0.035937
0 0.801562 0.822656 0.025000 0.020313
0 0.866406 0.825781 0.032813 0.035937
0 0.675000 0.817187 0.025000 0.021875
0 0.738281 0.821875 0.035937 0.037500
0 0.614844 0.814844 0.029687 0.032813
0 0.551562 0.814063 0.037500 0.034375
0 0.483594 0.812500 0.042188 0.037500
0 0.298438 0.808594 0.028125 0.029687
0 0.421094 0.807031 0.035937 0.032813
0 0.362500 0.807813 0.031250 0.034375
0 0.241406 0.807813 0.032813 0.034375
0 0.174219 0.797656 0.023438 0.023438
0 0.122656 0.788281 0.029687 0.035937
0 0.921094 0.743750 0.035937 0.037500
0 0.868750 0.735938 0.028125 0.028125
0 0.807813 0.732812 0.031250 0.031250
0 0.670312 0.730469 0.034375 0.026562
0 0.307812 0.728125 0.031250 0.031250
0 0.739062 0.732812 0.031250 0.034375
0 0.616406 0.724219 0.029687 0.026562
0 0.249219 0.721094 0.026562 0.026562
0 0.423438 0.721094 0.034375 0.032813
0 0.553125 0.721875 0.034375 0.037500
0 0.488281 0.719531 0.035937 0.039062
0 0.171875 0.713281 0.028125 0.029687
0 0.121094 0.696875 0.032813 0.031250
0 0.064844 0.688281 0.035937 0.035937
0 0.683594 0.643750 0.023438 0.021875
0 0.742969 0.639844 0.023438 0.017188
0 0.928906 0.645312 0.029687 0.031250
0 0.619531 0.635938 0.023438 0.015625
0 0.873437 0.643750 0.028125 0.034375
0 0.817187 0.637500 0.021875 0.028125
0 0.559375 0.635156 0.025000 0.026562
0 0.260156 0.628906 0.026562 0.032813
0 0.377344 0.621875 0.020313 0.021875
0 0.490625 0.625781 0.040625 0.035937
0 0.428906 0.622656 0.029687 0.032813
0 0.188281 0.616406 0.029687 0.020313
0 0.066406 0.602344 0.035937 0.032813
0 0.935937 0.564063 0.037500 0.034375
0 0.873437 0.560156 0.034375 0.039062
0 0.817969 0.557813 0.032813 0.037500
0 0.760156 0.550000 0.029687 0.021875
0 0.325000 0.555469 0.031250 0.032813
0 0.392188 0.539844 0.021875 0.026562
0 0.692969 0.550000 0.023438 0.031250
0 0.189062 0.543750 0.028125 0.018750
0 0.626563 0.547656 0.034375 0.039062
0 0.442188 0.546094 0.034375 0.035937
0 0.257812 0.543750 0.037500 0.031250
0 0.500781 0.546094 0.042188 0.039062
0 0.567187 0.541406 0.040625 0.039062
0 0.145313 0.531250 0.021875 0.025000
0 0.085156 0.514062 0.029687 0.034375
0 0.940625 0.476562 0.028125 0.025000
0 0.880469 0.471875 0.026562 0.034375
0 0.390625 0.452344 0.031250 0.023438
0 0.821094 0.467187 0.035937 0.034375
0 0.332031 0.453125 0.023438 0.025000
0 0.758594 0.464844 0.032813 0.035937
0 0.507031 0.460938 0.029687 0.028125
0 0.630469 0.458594 0.029687 0.029687
0 0.270313 0.457031 0.031250 0.029687
0 0.692187 0.459375 0.037500 0.037500
0 0.451562 0.447656 0.021875 0.017188
0 0.198437 0.442188 0.031250 0.028125
0 0.564844 0.453906 0.035937 0.035937
0 0.155469 0.435156 0.032813 0.035937
0 0.086719 0.425000 0.035937 0.037500
0 0.947656 0.367969 0.017188 0.014063
0 0.831250 0.364063 0.025000 0.021875
0 0.889844 0.367188 0.032813 0.031250
0 0.702344 0.356250 0.020313 0.018750
0 0.758594 0.362500 0.032813 0.034375
0 0.582031 0.350781 0.029687 0.020313
0 0.635938 0.354687 0.025000 0.025000
0 0.445312 0.346875 0.025000 0.018750
0 0.517969 0.348438 0.029687 0.028125
0 0.394531 0.342187 0.032813 0.031250
0 0.206250 0.335938 0.025000 0.021875
0 0.328125 0.335156 0.028125 0.023438
0 0.271875 0.340625 0.037500 0.040625
0 0.140625 0.334375 0.034375 0.037500
0 0.080469 0.329688 0.029687 0.034375
0 0.893750 0.278906 0.028125 0.029687
0 0.950000 0.274219 0.025000 0.023438
0 0.832031 0.276562 0.039062 0.037500
0 0.766406 0.270313 0.029687 0.034375
0 0.579688 0.258594 0.037500 0.029687
0 0.701562 0.267969 0.034375 0.035937
0 0.646094 0.263281 0.026562 0.032813
0 0.450000 0.255469 0.028125 0.032813
0 0.396094 0.249219 0.017188 0.020313
0 0.328906 0.247656 0.026562 0.026562
0 0.277344 0.243750 0.023438 0.025000
0 0.147656 0.242969 0.032813 0.032813
0 0.211719 0.240625 0.029687 0.031250
0 0.084375 0.239844 0.031250 0.032813
0 0.968750 0.194531 0.021875 0.017188
0 0.900781 0.185156 0.032813 0.026562
0 0.714844 0.182812 0.032813 0.028125
0 0.592187 0.178906 0.025000 0.029687
0 0.847656 0.192188 0.032813 0.037500
0 0.775000 0.184375 0.021875 0.031250
0 0.528125 0.175781 0.025000 0.026562
0 0.648438 0.178906 0.034375 0.035937
0 0.462500 0.172656 0.021875 0.023438
0 0.224219 0.160938 0.014063 0.012500
0 0.398438 0.167969 0.031250 0.029687
0 0.280469 0.157812 0.023438 0.021875
0 0.339062 0.159375 0.028125 0.028125
0 0.153125 0.158594 0.037500 0.039062
0 0.084375 0.152344 0.043750 0.026562
0 0.024219 0.139844 0.023438 0.026562
0 0.850000 0.096094 0.034375 0.029687
0 0.910937 0.096875 0.034375 0.031250
0 0.779687 0.095312 0.031250 0.025000
0 0.718750 0.094531 0.028125 0.026562
0 0.536719 0.086719 0.026562 0.017188
0 0.653906 0.091406 0.026562 0.029687
0 0.598437 0.084375 0.028125 0.028125
0 0.410938 0.075781 0.025000 0.020313
0 0.464844 0.081250 0.032813 0.034375
0 0.353906 0.071875 0.029687 0.028125
0 0.293750 0.073438 0.034375 0.034375
0 0.229687 0.064844 0.028125 0.026562
0 0.164062 0.067187 0.034375 0.037500
0 0.028906 0.064062 0.029687 0.031250
0 0.909375 0.015625 0.021875 0.028125
0 0.966406 0.100000 0.035937 0.028125
0 0.513281 0.257812 0.032813 0.025000
0 0.014844 0.231250 0.026562 0.031250
0 0.318750 0.620313 0.028125 0.043750
0 0.368750 0.727344 0.028125 0.029687
0 0.062500 0.803906 0.031250 0.026562