0 0.921875 0.851562 0.028125 0.031250
0 0.978125 0.846094 0.028125 0.023438
0 0.861719 0.849219 0.035937 0.035937
0 0.802344 0.844531 0.029687 0.032813
0 0.734375 0.837500 0.025000 0.021875
0 0.549219 0.839844 0.026562 0.026562
0 0.670312 0.837500 0.031250 0.031250
0 0.614844 0.835156 0.029687 0.029687
0 0.479687 0.835938 0.040625 0.037500
0 0.417969 0.830469 0.032813 0.035937
0 0.301563 0.822656 0.025000 0.020313
0 0.366406 0.825781 0.032813 0.035937
0 0.175000 0.817187 0.025000 0.021875
0 0.238281 0.821875 0.035937 0.037500
0 0.114844 0.814844 0.029687 0.032813
0 0.051562 0.814063 0.037500 0.034375
0 0.863281 0.760156 0.032813 0.032813
0 0.928906 0.760156 0.032813 0.039062
0 0.801562 0.754687 0.034375 0.037500
0 0.617188 0.746094 0.021875 0.020313
0 0.485156 0.750781 0.032813 0.029687
0 0.737500 0.747656 0.025000 0.026562
0 0.556250 0.750000 0.031250 0.034375
0 0.672656 0.746875 0.029687 0.031250
0 0.421094 0.743750 0.035937 0.037500
0 0.368750 0.735938 0.028125 0.028125
0 0.307812 0.732812 0.031250 0.031250
0 0.170313 0.730469 0.034375 0.026562
0 0.239063 0.732812 0.031250 0.034375
0 0.116406 0.724219 0.029687 0.026562
0 0.053125 0.721875 0.034375 0.037500
0 0.494531 0.657031 0.029687 0.029687
0 0.871094 0.669531 0.029687 0.032813
0 0.932031 0.667188 0.026562 0.034375
0 0.810156 0.660937 0.026562 0.021875
0 0.739062 0.652344 0.018750 0.014063
0 0.674219 0.649219 0.023438 0.017188
0 0.623437 0.651563 0.021875 0.025000
0 0.563281 0.656250 0.029687 0.037500
0 0.183594 0.643750 0.023438 0.021875
0 0.242969 0.639844 0.023438 0.017188
0 0.428906 0.645312 0.029687 0.031250
0 0.119531 0.635938 0.023438 0.015625
0 0.373437 0.643750 0.028125 0.034375
0 0.317188 0.637500 0.021875 0.028125
0 0.059375 0.635156 0.025000 0.026562
0 0.940625 0.575000 0.021875 0.025000
0 0.880469 0.576562 0.023438 0.028125
0 0.689844 0.566406 0.026562 0.020313
0 0.814063 0.573438 0.037500 0.037500
0 0.750781 0.571094 0.032813 0.039062
0 0.568750 0.568750 0.037500 0.037500
0 0.506250 0.570312 0.031250 0.040625
0 0.628906 0.564063 0.026562 0.031250
0 0.435937 0.564063 0.037500 0.034375
0 0.373437 0.560156 0.034375 0.039062
0 0.317969 0.557813 0.032813 0.037500
0 0.260156 0.550000 0.029687 0.021875
0 0.192969 0.550000 0.023438 0.031250
0 0.126562 0.547656 0.034375 0.039062
0 0.067187 0.541406 0.040625 0.039062
0 0.943750 0.492969 0.025000 0.026562
0 0.820312 0.485938 0.018750 0.015625
0 0.753906 0.483594 0.023438 0.023438
0 0.692969 0.483594 0.023438 0.029687
0 0.440625 0.476562 0.028125 0.025000
0 0.573438 0.475781 0.028125 0.026562
0 0.511719 0.476562 0.032813 0.028125
0 0.631250 0.476562 0.031250 0.034375
0 0.380469 0.471875 0.026562 0.034375
0 0.321094 0.467187 0.035937 0.034375
0 0.258594 0.464844 0.032813 0.035937
0 0.130469 0.458594 0.029687 0.029687
0 0.192188 0.459375 0.037500 0.037500
0 0.064844 0.453906 0.035937 0.035937
0 0.885156 0.399219 0.032813 0.032813
0 0.825000 0.396094 0.031250 0.020313
0 0.752344 0.388281 0.029687 0.026562
0 0.696094 0.385156 0.029687 0.029687
0 0.571094 0.375781 0.026562 0.026562
0 0.447656 0.367969 0.017188 0.014063
0 0.510938 0.367969 0.034375 0.029687
0 0.331250 0.364063 0.025000 0.021875
0 0.389844 0.367188 0.032813 0.031250
0 0.202344 0.356250 0.020313 0.018750
0 0.258594 0.362500 0.032813 0.034375
0 0.082031 0.350781 0.029687 0.020313
0 0.135937 0.354687 0.025000 0.025000
0 0.017969 0.348438 0.029687 0.028125
0 0.880469 0.311719 0.020313 0.023438
0 0.825781 0.312500 0.023438 0.025000
0 0.753906 0.294531 0.032813 0.029687
0 0.944531 0.312500 0.032813 0.037500
0 0.640625 0.289062 0.031250 0.021875
0 0.703906 0.294531 0.029687 0.032813
0 0.393750 0.278906 0.028125 0.029687
0 0.572656 0.284375 0.020313 0.025000
0 0.450000 0.274219 0.025000 0.023438
0 0.510938 0.275781 0.031250 0.035937
0 0.332031 0.276562 0.039062 0.037500
0 0.266406 0.270313 0.029687 0.034375
0 0.079687 0.258594 0.037500 0.029687
0 0.201563 0.267969 0.034375 0.035937
0 0.146094 0.263281 0.026562 0.032813
0 0.959375 0.228906 0.021875 0.010937
0 0.838281 0.225000 0.026562 0.028125
0 0.774219 0.214062 0.026562 0.028125
0 0.653906 0.200781 0.029687 0.029687
0 0.468750 0.194531 0.021875 0.017188
0 0.400781 0.185156 0.032813 0.026562
0 0.214844 0.182812 0.032813 0.028125
0 0.092188 0.178906 0.025000 0.029687
0 0.528125 0.189062 0.031250 0.028125
0 0.347656 0.192188 0.032813 0.037500
0 0.275000 0.184375 0.021875 0.031250
0 0.028125 0.175781 0.025000 0.026562
0 0.148438 0.178906 0.034375 0.035937
0 0.900781 0.135937 0.020313 0.018750
0 0.956250 0.131250 0.021875 0.028125
0 0.590625 0.110156 0.034375 0.029687
0 0.777344 0.120313 0.029687 0.031250
0 0.720313 0.114062 0.028125 0.031250
0 0.533594 0.104688 0.020313 0.015625
0 0.350000 0.096094 0.034375 0.029687
0 0.410938 0.096875 0.034375 0.031250
0 0.279687 0.095312 0.031250 0.025000
0 0.218750 0.094531 0.028125 0.026562
0 0.036719 0.086719 0.026562 0.017188
0 0.153906 0.091406 0.026562 0.029687
0 0.098437 0.084375 0.028125 0.028125
0 0.960156 0.042969 0.023438 0.020313
0 0.896094 0.046875 0.029687 0.031250
0 0.841406 0.039844 0.020313 0.017188
0 0.780469 0.027344 0.010937 0.007812
0 0.721875 0.032031 0.028125 0.029687
0 0.596094 0.025000 0.026562 0.021875
0 0.409375 0.015625 0.021875 0.028125
0 0.889062 0.228906 0.037500 0.032813
0 0.657031 0.114844 0.029687 0.026562
0 0.466406 0.100000 0.035937 0.028125
0 0.624219 0.388281 0.035937 0.039062
0 0.880469 0.488281 0.026562 0.032813
0 0.941406 0.400000 0.035937 0.031250