0 0.917969 0.867969 0.039062 0.035937
0 0.982812 0.871094 0.028125 0.029687
0 0.855469 0.871094 0.020313 0.029687
0 0.666406 0.870313 0.026562 0.031250
0 0.792969 0.867188 0.029687 0.037500
0 0.732812 0.866406 0.031250 0.039062
0 0.608594 0.860938 0.032813 0.031250
0 0.542188 0.853125 0.025000 0.025000
0 0.421875 0.851562 0.028125 0.031250
0 0.478125 0.846094 0.028125 0.023438
0 0.361719 0.849219 0.035937 0.035937
0 0.302344 0.844531 0.029687 0.032813
0 0.234375 0.837500 0.025000 0.021875
0 0.049219 0.839844 0.026562 0.026562
0 0.170313 0.837500 0.031250 0.031250
0 0.114844 0.835156 0.029687 0.029687
0 0.985156 0.778125 0.023438 0.025000
0 0.920312 0.779687 0.031250 0.034375
0 0.857812 0.777344 0.028125 0.032813
0 0.736719 0.775000 0.026562 0.034375
0 0.672656 0.775781 0.039062 0.039062
0 0.792188 0.773438 0.037500 0.037500
0 0.544531 0.771875 0.029687 0.034375
0 0.610938 0.769531 0.031250 0.035937
0 0.489063 0.760938 0.031250 0.034375
0 0.363281 0.760156 0.032813 0.032813
0 0.428906 0.760156 0.032813 0.039062
0 0.301563 0.754687 0.034375 0.037500
0 0.117188 0.746094 0.021875 0.020313
0 0.237500 0.747656 0.025000 0.026562
0 0.056250 0.750000 0.031250 0.034375
0 0.172656 0.746875 0.029687 0.031250
0 0.864844 0.687500 0.023438 0.025000
0 0.800000 0.683594 0.025000 0.023438
0 0.923438 0.684375 0.031250 0.028125
0 0.744531 0.685937 0.029687 0.034375
0 0.679688 0.684375 0.028125 0.034375
0 0.496094 0.672656 0.020313 0.020313
0 0.610156 0.678906 0.039062 0.035937
0 0.371094 0.669531 0.029687 0.032813
0 0.432031 0.667188 0.026562 0.034375
0 0.310156 0.660937 0.026562 0.021875
0 0.239063 0.652344 0.018750 0.014063
0 0.174219 0.649219 0.023438 0.017188
0 0.123438 0.651563 0.021875 0.025000
0 0.063281 0.656250 0.029687 0.037500
0 0.934375 0.606250 0.031250 0.031250
0 0.869531 0.602344 0.032813 0.029687
0 0.746875 0.590625 0.031250 0.031250
0 0.687500 0.597656 0.025000 0.029687
0 0.805469 0.597656 0.042188 0.032813
0 0.624219 0.592187 0.026562 0.025000
0 0.566406 0.586719 0.026562 0.029687
0 0.499219 0.576562 0.029687 0.028125
0 0.440625 0.575000 0.021875 0.025000
0 0.380469 0.576562 0.023438 0.028125
0 0.189844 0.566406 0.026562 0.020313
0 0.314063 0.573438 0.037500 0.037500
0 0.250781 0.571094 0.032813 0.039062
0 0.068750 0.568750 0.037500 0.037500
0 0.128906 0.564063 0.026562 0.031250
0 0.937500 0.510156 0.028125 0.026562
0 0.875781 0.510938 0.029687 0.031250
0 0.815625 0.504687 0.025000 0.025000
0 0.629687 0.506250 0.034375 0.031250
0 0.692969 0.503125 0.026562 0.028125
0 0.752344 0.506250 0.035937 0.037500
0 0.561719 0.501563 0.035937 0.034375
0 0.443750 0.492969 0.025000 0.026562
0 0.320312 0.485938 0.018750 0.015625
0 0.497656 0.492188 0.032813 0.037500
0 0.253906 0.483594 0.023438 0.023438
0 0.192969 0.483594 0.023438 0.029687
0 0.073438 0.475781 0.028125 0.026562
0 0.131250 0.476562 0.031250 0.034375
0 0.940625 0.425000 0.012500 0.009375
0 0.683594 0.420312 0.017188 0.012500
0 0.811719 0.417187 0.017188 0.015625
0 0.870313 0.416406 0.025000 0.023438
0 0.617188 0.417187 0.028125 0.028125
0 0.745313 0.416406 0.028125 0.032813
0 0.385156 0.399219 0.032813 0.032813
0 0.500781 0.406250 0.029687 0.021875
0 0.563281 0.408594 0.029687 0.032813
0 0.325000 0.396094 0.031250 0.020313
0 0.252344 0.388281 0.029687 0.026562
0 0.196094 0.385156 0.029687 0.029687
0 0.071094 0.375781 0.026562 0.026562
0 0.875000 0.328125 0.021875 0.012500
0 0.750000 0.327344 0.025000 0.026562
0 0.818750 0.320312 0.028125 0.021875
0 0.688281 0.322656 0.029687 0.026562
0 0.623437 0.323437 0.031250 0.037500
0 0.567969 0.318750 0.032813 0.034375
0 0.380469 0.311719 0.020313 0.023438
0 0.325781 0.312500 0.023438 0.025000
0 0.253906 0.294531 0.032813 0.029687
0 0.444531 0.312500 0.032813 0.037500
0 0.140625 0.289062 0.031250 0.021875
0 0.203906 0.294531 0.029687 0.032813
0 0.072656 0.284375 0.020313 0.025000
0 0.825781 0.244531 0.026562 0.026562
0 0.752344 0.246094 0.029687 0.020313
0 0.882031 0.241406 0.020313 0.020313
0 0.696094 0.241406 0.039062 0.029687
0 0.632812 0.239844 0.025000 0.029687
0 0.459375 0.228906 0.021875 0.010937
0 0.576562 0.237500 0.031250 0.037500
0 0.520312 0.227344 0.025000 0.026562
0 0.338281 0.225000 0.026562 0.028125
0 0.274219 0.214062 0.026562 0.028125
0 0.153906 0.200781 0.029687 0.029687
0 0.028125 0.189062 0.031250 0.028125
0 0.761719 0.146094 0.023438 0.017188
0 0.947656 0.145313 0.017188 0.018750
0 0.579688 0.139844 0.025000 0.032813
0 0.692187 0.142187 0.021875 0.015625
0 0.636719 0.145313 0.023438 0.028125
0 0.520312 0.134375 0.031250 0.025000
0 0.400781 0.135937 0.020313 0.018750
0 0.456250 0.131250 0.021875 0.028125
0 0.090625 0.110156 0.034375 0.029687
0 0.277344 0.120313 0.029687 0.031250
0 0.220312 0.114062 0.028125 0.031250
0 0.033594 0.104688 0.020313 0.015625
0 0.828906 0.060937 0.023438 0.031250
0 0.770312 0.060937 0.028125 0.021875
0 0.703906 0.067187 0.017188 0.021875
0 0.576562 0.049219 0.025000 0.026562
0 0.636719 0.060156 0.029687 0.029687
0 0.524219 0.046875 0.026562 0.025000
0 0.460156 0.042969 0.023438 0.020313
0 0.396094 0.046875 0.029687 0.031250
0 0.341406 0.039844 0.020313 0.017188
0 0.280469 0.027344 0.010937 0.007812
0 0.221875 0.032031 0.028125 0.029687
0 0.096094 0.025000 0.026562 0.021875
0 0.951562 0.060937 0.031250 0.031250
0 0.943750 0.330469 0.034375 0.032813
0 0.835156 0.142187 0.029687 0.034375
0 0.499219 0.320312 0.029687 0.031250
0 0.389062 0.228906 0.037500 0.032813
0 0.157031 0.114844 0.029687 0.026562
0 0.124219 0.388281 0.035937 0.039062
0 0.380469 0.488281 0.026562 0.032813
0 0.441406 0.400000 0.035937 0.031250
0 0.547656 0.675000 0.023438 0.028125
0 0.949219 0.249219 0.029687 0.029687