0 0.417969 0.867969 0.039062 0.035937
0 0.857031 0.879687 0.020313 0.012500
0 0.725000 0.879687 0.012500 0.012500
0 0.790625 0.877344 0.021875 0.017188
0 0.666406 0.872656 0.026562 0.026562
0 0.540625 0.871875 0.028125 0.028125
0 0.482812 0.871094 0.028125 0.029687
0 0.355469 0.871094 0.020313 0.029687
0 0.610156 0.870313 0.023438 0.031250
0 0.166406 0.870313 0.026562 0.031250
0 0.292969 0.867188 0.029687 0.037500
0 0.232813 0.866406 0.031250 0.039062
0 0.108594 0.860938 0.032813 0.031250
0 0.042188 0.853125 0.025000 0.025000
0 0.602344 0.783594 0.029687 0.029687
0 0.792188 0.782031 0.021875 0.014063
0 0.857812 0.788281 0.028125 0.032813
0 0.728906 0.781250 0.023438 0.018750
0 0.662500 0.785156 0.028125 0.029687
0 0.485156 0.778125 0.023438 0.025000
0 0.546094 0.776563 0.023438 0.028125
0 0.420312 0.779687 0.031250 0.034375
0 0.357812 0.777344 0.028125 0.032813
0 0.236719 0.775000 0.026562 0.034375
0 0.172656 0.775781 0.039062 0.039062
0 0.292187 0.773438 0.037500 0.037500
0 0.044531 0.771875 0.029687 0.034375
0 0.110937 0.769531 0.031250 0.035937
0 0.797656 0.695312 0.023438 0.015625
0 0.739844 0.694531 0.029687 0.029687
0 0.664062 0.692187 0.025000 0.025000
0 0.364844 0.687500 0.023438 0.025000
0 0.607031 0.691406 0.032813 0.035937
0 0.546875 0.682813 0.021875 0.018750
0 0.491406 0.688281 0.026562 0.029687
0 0.300000 0.683594 0.025000 0.023438
0 0.423438 0.684375 0.031250 0.028125
0 0.244531 0.685937 0.029687 0.034375
0 0.179688 0.684375 0.028125 0.034375
0 0.110156 0.678906 0.039062 0.035937
0 0.800000 0.603906 0.031250 0.029687
0 0.858594 0.612500 0.029687 0.034375
0 0.496875 0.605469 0.031250 0.032813
0 0.434375 0.606250 0.031250 0.031250
0 0.369531 0.602344 0.032813 0.029687
0 0.246875 0.590625 0.031250 0.031250
0 0.187500 0.597656 0.025000 0.029687
0 0.305469 0.597656 0.042188 0.032813
0 0.609375 0.598437 0.040625 0.037500
0 0.124219 0.592187 0.026562 0.025000
0 0.066406 0.586719 0.026562 0.029687
0 0.548438 0.609375 0.034375 0.043750
0 0.800781 0.518750 0.032813 0.031250
0 0.614062 0.508594 0.031250 0.032813
0 0.737500 0.517188 0.034375 0.025000
0 0.675781 0.515625 0.026562 0.025000
0 0.557031 0.512500 0.026562 0.018750
0 0.500000 0.511719 0.018750 0.017188
0 0.437500 0.510156 0.028125 0.026562
0 0.375781 0.510938 0.029687 0.031250
0 0.315625 0.504687 0.025000 0.025000
0 0.129688 0.506250 0.034375 0.031250
0 0.192969 0.503125 0.026562 0.028125
0 0.252344 0.506250 0.035937 0.037500
0 0.061719 0.501563 0.035937 0.034375
0 0.878125 0.437500 0.015625 0.021875
0 0.735938 0.434375 0.028125 0.034375
0 0.673438 0.434375 0.025000 0.025000
0 0.559375 0.431250 0.021875 0.018750
0 0.440625 0.425000 0.012500 0.009375
0 0.614062 0.427344 0.021875 0.017188
0 0.183594 0.420312 0.017188 0.012500
0 0.311719 0.417187 0.017188 0.015625
0 0.370312 0.416406 0.025000 0.023438
0 0.117188 0.417187 0.028125 0.028125
0 0.245312 0.416406 0.028125 0.032813
0 0.063281 0.408594 0.029687 0.032813
0 0.805469 0.340625 0.035937 0.034375
0 0.682813 0.337500 0.028125 0.031250
0 0.375000 0.328125 0.021875 0.012500
0 0.614844 0.337500 0.042188 0.034375
0 0.875781 0.332031 0.020313 0.035937
0 0.250000 0.327344 0.025000 0.026562
0 0.318750 0.320312 0.028125 0.021875
0 0.188281 0.322656 0.029687 0.026562
0 0.123438 0.323437 0.031250 0.037500
0 0.067969 0.318750 0.032813 0.034375
0 0.819531 0.259375 0.029687 0.028125
0 0.754687 0.261719 0.028125 0.032813
0 0.507812 0.251563 0.018750 0.015625
0 0.325781 0.244531 0.026562 0.026562
0 0.252344 0.246094 0.029687 0.020313
0 0.382031 0.241406 0.020313 0.020313
0 0.196094 0.241406 0.039062 0.029687
0 0.132812 0.239844 0.025000 0.029687
0 0.076563 0.237500 0.031250 0.037500
0 0.020313 0.227344 0.025000 0.026562
0 0.644531 0.167187 0.026562 0.028125
0 0.756250 0.169531 0.021875 0.017188
0 0.830469 0.168750 0.023438 0.025000
0 0.574219 0.160156 0.023438 0.020313
0 0.261719 0.146094 0.023438 0.017188
0 0.447656 0.145313 0.017188 0.018750
0 0.079687 0.139844 0.025000 0.032813
0 0.192188 0.142187 0.021875 0.015625
0 0.136719 0.145313 0.023438 0.028125
0 0.020313 0.134375 0.031250 0.025000
0 0.832812 0.078906 0.034375 0.032813
0 0.328906 0.060937 0.023438 0.031250
0 0.270313 0.060937 0.028125 0.021875
0 0.203906 0.067187 0.017188 0.021875
0 0.076563 0.049219 0.025000 0.026562
0 0.136719 0.060156 0.029687 0.029687
0 0.024219 0.046875 0.026562 0.025000
0 0.451562 0.060937 0.031250 0.031250
0 0.510938 0.067969 0.040625 0.032813
0 0.696094 0.159375 0.029687 0.028125
0 0.685156 0.253906 0.039062 0.032813
0 0.551562 0.333594 0.040625 0.035937
0 0.502344 0.332813 0.029687 0.031250
0 0.443750 0.330469 0.034375 0.032813
0 0.335156 0.142187 0.029687 0.034375
0 0.047656 0.675000 0.023438 0.028125
0 0.676562 0.600781 0.031250 0.035937
0 0.869531 0.518750 0.023438 0.031250
0 0.805469 0.442188 0.035937 0.025000
0 0.493750 0.428125 0.025000 0.028125
0 0.449219 0.249219 0.029687 0.029687