0 0.357031 0.879687 0.020313 0.012500
0 0.225000 0.879687 0.012500 0.012500
0 0.290625 0.877344 0.021875 0.017188
0 0.166406 0.872656 0.026562 0.026562
0 0.040625 0.871875 0.028125 0.028125
0 0.110156 0.870313 0.023438 0.031250
0 0.102344 0.783594 0.029687 0.029687
0 0.292187 0.782031 0.021875 0.014063
0 0.357812 0.788281 0.028125 0.032813
0 0.228906 0.781250 0.023438 0.018750
0 0.162500 0.785156 0.028125 0.029687
0 0.046094 0.776563 0.023438 0.028125
0 0.297656 0.695312 0.023438 0.015625
0 0.239844 0.694531 0.029687 0.029687
0 0.164062 0.692187 0.025000 0.025000
0 0.107031 0.691406 0.032813 0.035937
0 0.046875 0.682813 0.021875 0.018750
0 0.300000 0.603906 0.031250 0.029687
0 0.358594 0.612500 0.029687 0.034375
0 0.109375 0.598437 0.040625 0.037500
0 0.048438 0.609375 0.034375 0.043750
0 0.300781 0.518750 0.032813 0.031250
0 0.114062 0.508594 0.031250 0.032813
0 0.237500 0.517188 0.034375 0.025000
0 0.175781 0.515625 0.026562 0.025000
0 0.057031 0.512500 0.026562 0.018750
0 0.378125 0.437500 0.015625 0.021875
0 0.235937 0.434375 0.028125 0.034375
0 0.173437 0.434375 0.025000 0.025000
0 0.059375 0.431250 0.021875 0.018750
0 0.114062 0.427344 0.021875 0.017188
0 0.305469 0.340625 0.035937 0.034375
0 0.182812 0.337500 0.028125 0.031250
0 0.114844 0.337500 0.042188 0.034375
0 0.375781 0.332031 0.020313 0.035937
0 0.319531 0.259375 0.029687 0.028125
0 0.254688 0.261719 0.028125 0.032813
0 0.144531 0.167187 0.026562 0.028125
0 0.256250 0.169531 0.021875 0.017188
0 0.330469 0.168750 0.023438 0.025000
0 0.074219 0.160156 0.023438 0.020313
0 0.332813 0.078906 0.034375 0.032813
0 0.196094 0.159375 0.029687 0.028125
0 0.185156 0.253906 0.039062 0.032813
0 0.051562 0.333594 0.040625 0.035937
0 0.176563 0.600781 0.031250 0.035937
0 0.369531 0.518750 0.023438 0.031250
0 0.305469 0.442188 0.035937 0.025000