0 0.469531 0.379688 0.035937 0.012500
0 0.238281 0.379688 0.026562 0.012500
0 0.117969 0.371875 0.029687 0.028125
0 0.053125 0.368750 0.031250 0.034375
0 0.917969 0.330469 0.032813 0.035937
0 0.801562 0.322656 0.025000 0.020313
0 0.866406 0.325781 0.032813 0.035937
0 0.675000 0.317188 0.025000 0.021875
0 0.738281 0.321875 0.035937 0.037500
0 0.614844 0.314844 0.029687 0.032813
0 0.551562 0.314063 0.037500 0.034375
0 0.483594 0.312500 0.042188 0.037500
0 0.298438 0.308594 0.028125 0.029687
0 0.421094 0.307031 0.035937 0.032813
0 0.362500 0.307812 0.031250 0.034375
0 0.241406 0.307812 0.032813 0.034375
0 0.174219 0.297656 0.023438 0.023438
0 0.122656 0.288281 0.029687 0.035937
0 0.921094 0.243750 0.035937 0.037500
0 0.868750 0.235937 0.028125 0.028125
0 0.807813 0.232813 0.031250 0.031250
0 0.670312 0.230469 0.034375 0.026562
0 0.307812 0.228125 0.031250 0.031250
0 0.739062 0.232813 0.031250 0.034375
0 0.616406 0.224219 0.029687 0.026562
0 0.249219 0.221094 0.026562 0.026562
0 0.423438 0.221094 0.034375 0.032813
0 0.553125 0.221875 0.034375 0.037500
0 0.488281 0.219531 0.035937 0.039062
0 0.171875 0.213281 0.028125 0.029687
0 0.121094 0.196875 0.032813 0.031250
0 0.064844 0.188281 0.035937 0.035937
0 0.683594 0.143750 0.023438 0.021875
0 0.742969 0.139844 0.023438 0.017188
0 0.928906 0.145313 0.029687 0.031250
0 0.619531 0.135937 0.023438 0.015625
0 0.873437 0.143750 0.028125 0.034375
0 0.817187 0.137500 0.021875 0.028125
0 0.559375 0.135156 0.025000 0.026562
0 0.260156 0.128906 0.026562 0.032813
0 0.377344 0.121875 0.020313 0.021875
0 0.490625 0.125781 0.040625 0.035937
0 0.428906 0.122656 0.029687 0.032813
0 0.188281 0.116406 0.029687 0.020313
0 0.066406 0.102344 0.035937 0.032813
0 0.935937 0.064062 0.037500 0.034375
0 0.873437 0.060156 0.034375 0.039062
0 0.817969 0.057813 0.032813 0.037500
0 0.760156 0.050000 0.029687 0.021875
0 0.325000 0.055469 0.031250 0.032813
0 0.392188 0.039844 0.021875 0.026562
0 0.692969 0.050000 0.023438 0.031250
0 0.189062 0.043750 0.028125 0.018750
0 0.626563 0.047656 0.034375 0.039062
0 0.442188 0.046094 0.034375 0.035937
0 0.257812 0.043750 0.037500 0.031250
0 0.500781 0.046094 0.042188 0.039062
0 0.567187 0.041406 0.040625 0.039062
0 0.145313 0.031250 0.021875 0.025000
0 0.318750 0.120313 0.028125 0.043750
0 0.368750 0.227344 0.028125 0.029687
0 0.062500 0.303906 0.031250 0.026562