0 0.921875 0.351562 0.028125 0.031250
0 0.978125 0.346094 0.028125 0.023438
0 0.861719 0.349219 0.035937 0.035937
0 0.802344 0.344531 0.029687 0.032813
0 0.734375 0.337500 0.025000 0.021875
0 0.549219 0.339844 0.026562 0.026562
0 0.670312 0.337500 0.031250 0.031250
0 0.614844 0.335156 0.029687 0.029687
0 0.479687 0.335938 0.040625 0.037500
0 0.417969 0.330469 0.032813 0.035937
0 0.301563 0.322656 0.025000 0.020313
0 0.366406 0.325781 0.032813 0.035937
0 0.175000 0.317188 0.025000 0.021875
0 0.238281 0.321875 0.035937 0.037500
0 0.114844 0.314844 0.029687 0.032813
0 0.051562 0.314063 0.037500 0.034375
0 0.863281 0.260156 0.032813 0.032813
0 0.928906 0.260156 0.032813 0.039062
0 0.801562 0.254688 0.034375 0.037500
0 0.617188 0.246094 0.021875 0.020313
0 0.485156 0.250781 0.032813 0.029687
0 0.737500 0.247656 0.025000 0.026562
0 0.556250 0.250000 0.031250 0.034375
0 0.672656 0.246875 0.029687 0.031250
0 0.421094 0.243750 0.035937 0.037500
0 0.368750 0.235937 0.028125 0.028125
0 0.307812 0.232813 0.031250 0.031250
0 0.170313 0.230469 0.034375 0.026562
0 0.239063 0.232813 0.031250 0.034375
0 0.116406 0.224219 0.029687 0.026562
0 0.053125 0.221875 0.034375 0.037500
0 0.494531 0.157031 0.029687 0.029687
0 0.871094 0.169531 0.029687 0.032813
0 0.932031 0.167187 0.026562 0.034375
0 0.810156 0.160938 0.026562 0.021875
0 0.739062 0.152344 0.018750 0.014063
0 0.674219 0.149219 0.023438 0.017188
0 0.623437 0.151562 0.021875 0.025000
0 0.563281 0.156250 0.029687 0.037500
0 0.183594 0.143750 0.023438 0.021875
0 0.242969 0.139844 0.023438 0.017188
0 0.428906 0.145313 0.029687 0.031250
0 0.119531 0.135937 0.023438 0.015625
0 0.373437 0.143750 0.028125 0.034375
0 0.317188 0.137500 0.021875 0.028125
0 0.059375 0.135156 0.025000 0.026562
0 0.940625 0.075000 0.021875 0.025000
0 0.880469 0.076563 0.023438 0.028125
0 0.689844 0.066406 0.026562 0.020313
0 0.814063 0.073438 0.037500 0.037500
0 0.750781 0.071094 0.032813 0.039062
0 0.568750 0.068750 0.037500 0.037500
0 0.506250 0.070312 0.031250 0.040625
0 0.628906 0.064062 0.026562 0.031250
0 0.435937 0.064062 0.037500 0.034375
0 0.373437 0.060156 0.034375 0.039062
0 0.317969 0.057813 0.032813 0.037500
0 0.260156 0.050000 0.029687 0.021875
0 0.192969 0.050000 0.023438 0.031250
0 0.126562 0.047656 0.034375 0.039062
0 0.067187 0.041406 0.040625 0.039062