0 0.917969 0.367969 0.039062 0.035937
0 0.982812 0.371094 0.028125 0.029687
0 0.855469 0.371094 0.020313 0.029687
0 0.666406 0.370312 0.026562 0.031250
0 0.792969 0.367188 0.029687 0.037500
0 0.732812 0.366406 0.031250 0.039062
0 0.608594 0.360938 0.032813 0.031250
0 0.542188 0.353125 0.025000 0.025000
0 0.421875 0.351562 0.028125 0.031250
0 0.478125 0.346094 0.028125 0.023438
0 0.361719 0.349219 0.035937 0.035937
0 0.302344 0.344531 0.029687 0.032813
0 0.234375 0.337500 0.025000 0.021875
0 0.049219 0.339844 0.026562 0.026562
0 0.170313 0.337500 0.031250 0.031250
0 0.114844 0.335156 0.029687 0.029687
0 0.985156 0.278125 0.023438 0.025000
0 0.920312 0.279687 0.031250 0.034375
0 0.857812 0.277344 0.028125 0.032813
0 0.736719 0.275000 0.026562 0.034375
0 0.672656 0.275781 0.039062 0.039062
0 0.792188 0.273438 0.037500 0.037500
0 0.544531 0.271875 0.029687 0.034375
0 0.610938 0.269531 0.031250 0.035937
0 0.489063 0.260937 0.031250 0.034375
0 0.363281 0.260156 0.032813 0.032813
0 0.428906 0.260156 0.032813 0.039062
0 0.301563 0.254688 0.034375 0.037500
0 0.117188 0.246094 0.021875 0.020313
0 0.237500 0.247656 0.025000 0.026562
0 0.056250 0.250000 0.031250 0.034375
0 0.172656 0.246875 0.029687 0.031250
0 0.864844 0.187500 0.023438 0.025000
0 0.800000 0.183594 0.025000 0.023438
0 0.923438 0.184375 0.031250 0.028125
0 0.744531 0.185938 0.029687 0.034375
0 0.679688 0.184375 0.028125 0.034375
0 0.496094 0.172656 0.020313 0.020313
0 0.610156 0.178906 0.039062 0.035937
0 0.371094 0.169531 0.029687 0.032813
0 0.432031 0.167187 0.026562 0.034375
0 0.310156 0.160938 0.026562 0.021875
0 0.239063 0.152344 0.018750 0.014063
0 0.174219 0.149219 0.023438 0.017188
0 0.123438 0.151562 0.021875 0.025000
0 0.063281 0.156250 0.029687 0.037500
0 0.934375 0.106250 0.031250 0.031250
0 0.869531 0.102344 0.032813 0.029687
0 0.746875 0.090625 0.031250 0.031250
0 0.687500 0.097656 0.025000 0.029687
0 0.805469 0.097656 0.042188 0.032813
0 0.624219 0.092188 0.026562 0.025000
0 0.566406 0.086719 0.026562 0.029687
0 0.499219 0.076563 0.029687 0.028125
0 0.440625 0.075000 0.021875 0.025000
0 0.380469 0.076563 0.023438 0.028125
0 0.189844 0.066406 0.026562 0.020313
0 0.314063 0.073438 0.037500 0.037500
0 0.250781 0.071094 0.032813 0.039062
0 0.068750 0.068750 0.037500 0.037500
0 0.128906 0.064062 0.026562 0.031250
0 0.547656 0.175000 0.023438 0.028125