0 0.417969 0.367969 0.039062 0.035937
0 0.857031 0.379688 0.020313 0.012500
0 0.725000 0.379688 0.012500 0.012500
0 0.790625 0.377344 0.021875 0.017188
0 0.666406 0.372656 0.026562 0.026562
0 0.540625 0.371875 0.028125 0.028125
0 0.482812 0.371094 0.028125 0.029687
0 0.355469 0.371094 0.020313 0.029687
0 0.610156 0.370312 0.023438 0.031250
0 0.166406 0.370312 0.026562 0.031250
0 0.292969 0.367188 0.029687 0.037500
0 0.232813 0.366406 0.031250 0.039062
0 0.108594 0.360938 0.032813 0.031250
0 0.042188 0.353125 0.025000 0.025000
0 0.602344 0.283594 0.029687 0.029687
0 0.792188 0.282031 0.021875 0.014063
0 0.857812 0.288281 0.028125 0.032813
0 0.728906 0.281250 0.023438 0.018750
0 0.662500 0.285156 0.028125 0.029687
0 0.485156 0.278125 0.023438 0.025000
0 0.546094 0.276562 0.023438 0.028125
0 0.420312 0.279687 0.031250 0.034375
0 0.357812 0.277344 0.028125 0.032813
0 0.236719 0.275000 0.026562 0.034375
0 0.172656 0.275781 0.039062 0.039062
0 0.292187 0.273438 0.037500 0.037500
0 0.044531 0.271875 0.029687 0.034375
0 0.110937 0.269531 0.031250 0.035937
0 0.797656 0.195312 0.023438 0.015625
0 0.739844 0.194531 0.029687 0.029687
0 0.664062 0.192188 0.025000 0.025000
0 0.364844 0.187500 0.023438 0.025000
0 0.607031 0.191406 0.032813 0.035937
0 0.546875 0.182812 0.021875 0.018750
0 0.491406 0.188281 0.026562 0.029687
0 0.300000 0.183594 0.025000 0.023438
0 0.423438 0.184375 0.031250 0.028125
0 0.244531 0.185938 0.029687 0.034375
0 0.179688 0.184375 0.028125 0.034375
0 0.110156 0.178906 0.039062 0.035937
0 0.800000 0.103906 0.031250 0.029687
0 0.858594 0.112500 0.029687 0.034375
0 0.496875 0.105469 0.031250 0.032813
0 0.434375 0.106250 0.031250 0.031250
0 0.369531 0.102344 0.032813 0.029687
0 0.246875 0.090625 0.031250 0.031250
0 0.187500 0.097656 0.025000 0.029687
0 0.305469 0.097656 0.042188 0.032813
0 0.609375 0.098437 0.040625 0.037500
0 0.124219 0.092188 0.026562 0.025000
0 0.066406 0.086719 0.026562 0.029687
0 0.548438 0.109375 0.034375 0.043750
0 0.800781 0.018750 0.032813 0.031250
0 0.737500 0.017188 0.034375 0.025000
0 0.675781 0.015625 0.026562 0.025000
0 0.557031 0.012500 0.026562 0.018750
0 0.500000 0.011719 0.018750 0.017188
0 0.047656 0.175000 0.023438 0.028125
0 0.676562 0.100781 0.031250 0.035937
0 0.869531 0.018750 0.023438 0.031250