0 0.346875 0.947656 0.025000 0.029687
0 0.113281 0.935937 0.035937 0.037500
0 0.167969 0.935937 0.035937 0.034375
0 0.045312 0.937500 0.018750 0.025000
0 0.050781 0.846875 0.029687 0.031250
0 0.120313 0.757812 0.021875 0.025000
0 0.058594 0.754687 0.026562 0.025000
0 0.096094 0.673438 0.023438 0.025000
0 0.030469 0.667969 0.023438 0.017188
0 0.292969 0.579688 0.032813 0.031250
0 0.235937 0.578906 0.028125 0.026562
0 0.036719 0.577344 0.042188 0.039062
0 0.164062 0.579688 0.031250 0.028125
0 0.353125 0.494531 0.031250 0.029687
0 0.236719 0.490625 0.035937 0.037500
0 0.177344 0.492969 0.042188 0.035937
0 0.048438 0.499219 0.021875 0.029687
0 0.289062 0.489063 0.031250 0.031250
0 0.110156 0.492969 0.035937 0.029687
0 0.242188 0.407031 0.028125 0.026562
0 0.361719 0.403125 0.029687 0.031250
0 0.050781 0.400781 0.026562 0.035937
0 0.299219 0.401562 0.029687 0.025000
0 0.111719 0.403906 0.023438 0.026562
0 0.169531 0.399219 0.035937 0.029687
0 0.242188 0.321094 0.025000 0.023438
0 0.301563 0.321094 0.025000 0.026562
0 0.178906 0.319531 0.020313 0.023438
0 0.357812 0.319531 0.021875 0.026562
0 0.053125 0.315625 0.021875 0.025000
0 0.117969 0.314844 0.020313 0.026562
0 0.228906 0.222656 0.042188 0.035937
0 0.355469 0.224219 0.026562 0.026562
0 0.178906 0.221094 0.020313 0.020313
0 0.117188 0.220312 0.025000 0.021875
0 0.296094 0.221094 0.026562 0.029687
0 0.052344 0.218750 0.029687 0.031250
0 0.121875 0.140625 0.028125 0.025000
0 0.064844 0.136719 0.023438 0.020313
0 0.185156 0.137500 0.023438 0.025000
0 0.242969 0.135156 0.023438 0.023438
0 0.300000 0.137500 0.037500 0.031250
0 0.377344 0.055469 0.017188 0.023438
0 0.313281 0.052344 0.023438 0.023438
0 0.123438 0.050781 0.021875 0.020313
0 0.249219 0.052344 0.026562 0.026562
0 0.183594 0.050000 0.029687 0.028125
0 0.060156 0.044531 0.026562 0.026562
0 0.372656 0.775000 0.026562 0.034375
0 0.361719 0.872656 0.029687 0.029687
0 0.228906 0.939063 0.042188 0.034375
0 0.286719 0.945312 0.039062 0.031250
0 0.105469 0.573438 0.032813 0.031250
0 0.345313 0.684375 0.034375 0.034375
0 0.107813 0.850000 0.034375 0.031250