0 0.357031 0.379688 0.020313 0.012500
0 0.225000 0.379688 0.012500 0.012500
0 0.290625 0.377344 0.021875 0.017188
0 0.166406 0.372656 0.026562 0.026562
0 0.040625 0.371875 0.028125 0.028125
0 0.110156 0.370312 0.023438 0.031250
0 0.102344 0.283594 0.029687 0.029687
0 0.292187 0.282031 0.021875 0.014063
0 0.357812 0.288281 0.028125 0.032813
0 0.228906 0.281250 0.023438 0.018750
0 0.162500 0.285156 0.028125 0.029687
0 0.046094 0.276562 0.023438 0.028125
0 0.297656 0.195312 0.023438 0.015625
0 0.239844 0.194531 0.029687 0.029687
0 0.164062 0.192188 0.025000 0.025000
0 0.107031 0.191406 0.032813 0.035937
0 0.046875 0.182812 0.021875 0.018750
0 0.300000 0.103906 0.031250 0.029687
0 0.358594 0.112500 0.029687 0.034375
0 0.109375 0.098437 0.040625 0.037500
0 0.048438 0.109375 0.034375 0.043750
0 0.300781 0.018750 0.032813 0.031250
0 0.237500 0.017188 0.034375 0.025000
0 0.175781 0.015625 0.026562 0.025000
0 0.057031 0.012500 0.026562 0.018750
0 0.176563 0.100781 0.031250 0.035937
0 0.369531 0.018750 0.023438 0.031250