0 0.845313 0.839844 0.021875 0.026562
0 0.965625 0.835938 0.018750 0.015625
0 0.785156 0.839844 0.029687 0.026562
0 0.904687 0.839844 0.031250 0.029687
0 0.654687 0.830469 0.031250 0.023438
0 0.353906 0.824219 0.026562 0.029687
0 0.721875 0.831250 0.031250 0.028125
0 0.593750 0.830469 0.025000 0.026562
0 0.478906 0.826562 0.020313 0.018750
0 0.164062 0.821875 0.025000 0.021875
0 0.535156 0.828125 0.026562 0.028125
0 0.414062 0.824219 0.031250 0.020313
0 0.222656 0.821875 0.026562 0.028125
0 0.106250 0.818750 0.018750 0.021875
0 0.033594 0.813281 0.023438 0.014063
0 0.285938 0.817969 0.028125 0.032813
0 0.845313 0.750000 0.028125 0.025000
0 0.903906 0.749219 0.029687 0.026562
0 0.789062 0.746875 0.031250 0.025000
0 0.725781 0.745313 0.032813 0.025000
0 0.664062 0.739062 0.025000 0.025000
0 0.600000 0.739844 0.028125 0.026562
0 0.539844 0.737500 0.029687 0.028125
0 0.418750 0.736719 0.028125 0.026562
0 0.289844 0.734375 0.029687 0.025000
0 0.482031 0.733594 0.026562 0.026562
0 0.353125 0.733594 0.034375 0.026562
0 0.212500 0.731250 0.040625 0.028125
0 0.856250 0.664844 0.025000 0.026562
0 0.975781 0.659375 0.020313 0.018750
0 0.915625 0.660937 0.018750 0.025000
0 0.792969 0.659375 0.023438 0.021875
0 0.727344 0.657031 0.026562 0.023438
0 0.541406 0.647656 0.035937 0.029687
0 0.484375 0.646094 0.031250 0.026562
0 0.605469 0.653125 0.026562 0.025000
0 0.671094 0.651563 0.023438 0.025000
0 0.426563 0.650000 0.018750 0.025000
0 0.116406 0.642969 0.020313 0.023438
0 0.234375 0.642188 0.028125 0.025000
0 0.296094 0.641406 0.026562 0.029687
0 0.173437 0.639844 0.025000 0.026562
0 0.986719 0.573438 0.017188 0.018750
0 0.862500 0.574219 0.025000 0.026562
0 0.737500 0.569531 0.021875 0.020313
0 0.924219 0.569531 0.032813 0.023438
0 0.799219 0.572656 0.029687 0.029687
0 0.675781 0.566406 0.029687 0.026562
0 0.478906 0.559375 0.017188 0.015625
0 0.543750 0.562500 0.031250 0.025000
0 0.425781 0.560156 0.026562 0.026562
0 0.176563 0.546875 0.028125 0.025000
0 0.364844 0.557031 0.029687 0.026562
0 0.300781 0.557813 0.029687 0.031250
0 0.120313 0.552344 0.021875 0.023438
0 0.239063 0.551562 0.025000 0.025000
0 0.050781 0.545312 0.026562 0.021875
0 0.979688 0.486719 0.031250 0.020313
0 0.867969 0.487500 0.032813 0.028125
0 0.799219 0.485938 0.026562 0.025000
0 0.927344 0.485156 0.029687 0.026562
0 0.431250 0.469531 0.037500 0.029687
0 0.733594 0.482031 0.026562 0.026562
0 0.674219 0.477344 0.023438 0.026562
0 0.485938 0.475781 0.021875 0.023438
0 0.547656 0.472656 0.023438 0.023438
0 0.119531 0.466406 0.014063 0.014063
0 0.178906 0.464062 0.026562 0.018750
0 0.360938 0.465625 0.025000 0.025000
0 0.299219 0.466406 0.026562 0.026562
0 0.241406 0.467969 0.023438 0.029687
0 0.051562 0.455469 0.025000 0.023438
0 0.930469 0.403125 0.032813 0.034375
0 0.860938 0.401562 0.018750 0.021875
0 0.799219 0.400781 0.020313 0.023438
0 0.733594 0.396875 0.026562 0.021875
0 0.675000 0.385156 0.028125 0.029687
0 0.550000 0.382031 0.034375 0.029687
0 0.488281 0.375000 0.023438 0.034375
0 0.428906 0.378906 0.029687 0.029687
0 0.303906 0.376563 0.035937 0.028125
0 0.366406 0.379688 0.020313 0.018750
0 0.185156 0.382812 0.020313 0.025000
0 0.245312 0.379688 0.021875 0.025000
0 0.117188 0.378125 0.025000 0.025000
0 0.053906 0.371094 0.026562 0.023438
0 0.944531 0.317188 0.014063 0.025000
0 0.880469 0.314844 0.017188 0.023438
0 0.746875 0.313281 0.028125 0.032813
0 0.814063 0.307812 0.028125 0.025000
0 0.690625 0.302344 0.031250 0.035937
0 0.572656 0.302344 0.032813 0.032813
0 0.440625 0.289844 0.031250 0.032813
0 0.185156 0.300781 0.023438 0.026562
0 0.496875 0.292969 0.028125 0.026562
0 0.316406 0.292969 0.017188 0.020313
0 0.118750 0.293750 0.021875 0.021875
0 0.067187 0.288281 0.015625 0.026562
0 0.882031 0.221094 0.032813 0.032813
0 0.937500 0.221094 0.031250 0.032813
0 0.821875 0.218750 0.018750 0.021875
0 0.752344 0.216406 0.020313 0.020313
0 0.695312 0.211719 0.018750 0.020313
0 0.633594 0.210938 0.026562 0.025000
0 0.571094 0.208594 0.020313 0.020313
0 0.505469 0.207031 0.029687 0.026562
0 0.386719 0.205469 0.023438 0.026562
0 0.320312 0.203125 0.034375 0.025000
0 0.446875 0.205469 0.028125 0.032813
0 0.200000 0.202344 0.018750 0.026562
0 0.136719 0.200000 0.020313 0.021875
0 0.071094 0.195312 0.023438 0.021875
0 0.266406 0.196875 0.026562 0.028125
0 0.014063 0.185156 0.025000 0.020313
0 0.880469 0.135156 0.014063 0.017188
0 0.757031 0.136719 0.026562 0.020313
0 0.820312 0.135156 0.021875 0.023438
0 0.942187 0.132031 0.021875 0.020313
0 0.696875 0.130469 0.018750 0.020313
0 0.628906 0.130469 0.023438 0.023438
0 0.568750 0.132031 0.028125 0.026562
0 0.495312 0.128125 0.031250 0.028125
0 0.441406 0.128125 0.029687 0.028125
0 0.307812 0.115625 0.028125 0.018750
0 0.374219 0.118750 0.029687 0.028125
0 0.122656 0.115625 0.023438 0.021875
0 0.002344 0.107813 0.001563 0.006250
0 0.241406 0.114844 0.029687 0.026562
0 0.059375 0.113281 0.031250 0.023438
0 0.182812 0.114844 0.028125 0.029687
0 0.885938 0.044531 0.025000 0.020313
0 0.764844 0.038281 0.023438 0.026562
0 0.828125 0.039844 0.018750 0.017188
0 0.699219 0.042188 0.026562 0.025000
0 0.629687 0.039844 0.025000 0.023438
0 0.500781 0.042188 0.029687 0.028125
0 0.440625 0.040625 0.028125 0.034375
0 0.381250 0.031250 0.021875 0.025000
0 0.321094 0.030469 0.029687 0.029687
0 0.193750 0.023438 0.018750 0.021875
0 0.128125 0.025781 0.018750 0.026562
0 0.065625 0.025000 0.028125 0.025000
0 0.009375 0.024219 0.015625 0.023438
0 0.249219 0.022656 0.023438 0.023438
0 0.604688 0.562500 0.037500 0.037500
0 0.163281 0.728125 0.026562 0.028125
0 0.619531 0.387500 0.035937 0.034375
0 0.616406 0.474219 0.039062 0.035937