0 0.896094 0.850781 0.029687 0.026562
0 0.774219 0.850781 0.020313 0.026562
0 0.711719 0.851562 0.026562 0.028125
0 0.832031 0.851562 0.032813 0.031250
0 0.646094 0.849219 0.026562 0.029687
0 0.345313 0.839844 0.021875 0.026562
0 0.465625 0.835938 0.018750 0.015625
0 0.524219 0.840625 0.029687 0.028125
0 0.285156 0.839844 0.029687 0.026562
0 0.585156 0.841406 0.026562 0.032813
0 0.404687 0.839844 0.031250 0.029687
0 0.154688 0.830469 0.031250 0.023438
0 0.221875 0.831250 0.031250 0.028125
0 0.093750 0.830469 0.025000 0.026562
0 0.035156 0.828125 0.026562 0.028125
0 0.841406 0.764062 0.026562 0.028125
0 0.780469 0.760938 0.023438 0.021875
0 0.714063 0.760938 0.028125 0.025000
0 0.967969 0.759375 0.020313 0.025000
0 0.910156 0.759375 0.029687 0.025000
0 0.650781 0.758594 0.026562 0.023438
0 0.527344 0.750000 0.017188 0.018750
0 0.345313 0.750000 0.028125 0.025000
0 0.589063 0.751563 0.025000 0.031250
0 0.403906 0.749219 0.029687 0.026562
0 0.289062 0.746875 0.031250 0.025000
0 0.225781 0.745313 0.032813 0.025000
0 0.164062 0.739062 0.025000 0.025000
0 0.100000 0.739844 0.028125 0.026562
0 0.039844 0.737500 0.029687 0.028125
0 0.724219 0.666406 0.029687 0.023438
0 0.913281 0.675781 0.023438 0.023438
0 0.971094 0.674219 0.023438 0.026562
0 0.786719 0.669531 0.023438 0.017188
0 0.659375 0.668750 0.028125 0.025000
0 0.849219 0.671875 0.032813 0.034375
0 0.356250 0.664844 0.025000 0.026562
0 0.595313 0.664062 0.025000 0.028125
0 0.475781 0.659375 0.020313 0.018750
0 0.537500 0.660156 0.021875 0.023438
0 0.415625 0.660937 0.018750 0.025000
0 0.292969 0.659375 0.023438 0.021875
0 0.227344 0.657031 0.026562 0.023438
0 0.041406 0.647656 0.035937 0.029687
0 0.105469 0.653125 0.026562 0.025000
0 0.171094 0.651563 0.023438 0.025000
0 0.914062 0.585938 0.025000 0.015625
0 0.853125 0.587500 0.025000 0.028125
0 0.978125 0.584375 0.028125 0.025000
0 0.792188 0.585938 0.025000 0.028125
0 0.728125 0.583594 0.028125 0.023438
0 0.602344 0.577344 0.029687 0.026562
0 0.486719 0.573438 0.017188 0.018750
0 0.661719 0.578906 0.035937 0.032813
0 0.540625 0.576562 0.028125 0.031250
0 0.362500 0.574219 0.025000 0.026562
0 0.237500 0.569531 0.021875 0.020313
0 0.424219 0.569531 0.032813 0.023438
0 0.299219 0.572656 0.029687 0.029687
0 0.175781 0.566406 0.029687 0.026562
0 0.043750 0.562500 0.031250 0.025000
0 0.916406 0.496875 0.026562 0.025000
0 0.793750 0.492969 0.021875 0.017188
0 0.479687 0.486719 0.031250 0.020313
0 0.367969 0.487500 0.032813 0.028125
0 0.853125 0.494531 0.025000 0.023438
0 0.600000 0.485156 0.025000 0.010937
0 0.734375 0.490625 0.028125 0.025000
0 0.299219 0.485938 0.026562 0.025000
0 0.666406 0.486719 0.035937 0.029687
0 0.427344 0.485156 0.029687 0.026562
0 0.233594 0.482031 0.026562 0.026562
0 0.539844 0.480469 0.029687 0.029687
0 0.174219 0.477344 0.023438 0.026562
0 0.047656 0.472656 0.023438 0.023438
0 0.922656 0.417969 0.020313 0.029687
0 0.980469 0.414844 0.020313 0.026562
0 0.853906 0.412500 0.023438 0.025000
0 0.603125 0.405469 0.018750 0.017188
0 0.430469 0.403125 0.032813 0.034375
0 0.732031 0.407813 0.023438 0.025000
0 0.792188 0.408594 0.028125 0.029687
0 0.490625 0.404687 0.018750 0.025000
0 0.666406 0.403906 0.023438 0.026562
0 0.360938 0.401562 0.018750 0.021875
0 0.299219 0.400781 0.020313 0.023438
0 0.233594 0.396875 0.026562 0.021875
0 0.550000 0.398438 0.025000 0.028125
0 0.175000 0.385156 0.028125 0.029687
0 0.050000 0.382031 0.034375 0.029687
0 0.927344 0.322656 0.029687 0.029687
0 0.859375 0.324219 0.025000 0.023438
0 0.621094 0.314844 0.035937 0.029687
0 0.680469 0.317188 0.026562 0.028125
0 0.564063 0.314844 0.028125 0.026562
0 0.444531 0.317188 0.014063 0.025000
0 0.380469 0.314844 0.017188 0.023438
0 0.246875 0.313281 0.028125 0.032813
0 0.314063 0.307812 0.028125 0.025000
0 0.190625 0.302344 0.031250 0.035937
0 0.072656 0.302344 0.032813 0.032813
0 0.758594 0.228906 0.029687 0.023438
0 0.814844 0.227344 0.026562 0.026562
0 0.929688 0.235156 0.025000 0.023438
0 0.875000 0.232031 0.021875 0.023438
0 0.691406 0.229687 0.026562 0.021875
0 0.382031 0.221094 0.032813 0.032813
0 0.621875 0.225781 0.021875 0.020313
0 0.437500 0.221094 0.031250 0.032813
0 0.566406 0.223438 0.017188 0.018750
0 0.321875 0.218750 0.018750 0.021875
0 0.252344 0.216406 0.020313 0.020313
0 0.195312 0.211719 0.018750 0.020313
0 0.133594 0.210938 0.026562 0.025000
0 0.071094 0.208594 0.020313 0.020313
0 0.980469 0.153125 0.029687 0.021875
0 0.912500 0.149219 0.025000 0.023438
0 0.608594 0.146875 0.023438 0.018750
0 0.563281 0.142187 0.026562 0.034375
0 0.857812 0.146875 0.025000 0.025000
0 0.669531 0.147656 0.023438 0.026562
0 0.725781 0.146875 0.029687 0.028125
0 0.802344 0.142187 0.026562 0.025000
0 0.380469 0.135156 0.014063 0.017188
0 0.257031 0.136719 0.026562 0.020313
0 0.320312 0.135156 0.021875 0.023438
0 0.509375 0.133594 0.021875 0.023438
0 0.442188 0.132031 0.021875 0.020313
0 0.196875 0.130469 0.018750 0.020313
0 0.128906 0.130469 0.023438 0.023438
0 0.068750 0.132031 0.028125 0.026562
0 0.742969 0.059375 0.023438 0.021875
0 0.677344 0.053906 0.035937 0.029687
0 0.618750 0.050000 0.031250 0.034375
0 0.925000 0.054688 0.025000 0.025000
0 0.861719 0.046875 0.035937 0.031250
0 0.512500 0.046094 0.021875 0.023438
0 0.385937 0.044531 0.025000 0.020313
0 0.264844 0.038281 0.023438 0.026562
0 0.571094 0.044531 0.026562 0.023438
0 0.328125 0.039844 0.018750 0.017188
0 0.199219 0.042188 0.026562 0.025000
0 0.129688 0.039844 0.025000 0.023438
0 0.104688 0.562500 0.037500 0.037500
0 0.501563 0.222656 0.034375 0.032813
0 0.119531 0.387500 0.035937 0.034375
0 0.750000 0.318750 0.040625 0.034375
0 0.802344 0.325000 0.029687 0.031250
0 0.116406 0.474219 0.039062 0.035937
0 0.802344 0.056250 0.054688 0.034375