0 0.961719 0.879687 0.017188 0.012500
0 0.835156 0.867969 0.020313 0.023438
0 0.767188 0.864062 0.031250 0.025000
0 0.705469 0.859375 0.029687 0.021875
0 0.644531 0.859375 0.026562 0.021875
0 0.521094 0.858594 0.023438 0.020313
0 0.582031 0.858594 0.017188 0.026562
0 0.396094 0.850781 0.029687 0.026562
0 0.274219 0.850781 0.020313 0.026562
0 0.211719 0.851562 0.026562 0.028125
0 0.332031 0.851562 0.032813 0.031250
0 0.146094 0.849219 0.026562 0.029687
0 0.024219 0.840625 0.029687 0.028125
0 0.085156 0.841406 0.026562 0.032813
0 0.961719 0.781250 0.023438 0.025000
0 0.837500 0.774219 0.015625 0.014063
0 0.708594 0.773438 0.023438 0.025000
0 0.771875 0.771094 0.025000 0.023438
0 0.650000 0.769531 0.028125 0.026562
0 0.524219 0.766406 0.026562 0.026562
0 0.583594 0.768750 0.023438 0.034375
0 0.341406 0.764062 0.026562 0.028125
0 0.280469 0.760938 0.023438 0.021875
0 0.214062 0.760938 0.028125 0.025000
0 0.467969 0.759375 0.020313 0.025000
0 0.410156 0.759375 0.029687 0.025000
0 0.150781 0.758594 0.026562 0.023438
0 0.027344 0.750000 0.017188 0.018750
0 0.089063 0.751563 0.025000 0.031250
0 0.914062 0.688281 0.028125 0.026562
0 0.970313 0.697656 0.025000 0.026562
0 0.843750 0.685156 0.031250 0.029687
0 0.789062 0.685156 0.025000 0.023438
0 0.657031 0.682031 0.026562 0.023438
0 0.720313 0.685156 0.025000 0.035937
0 0.593750 0.681250 0.025000 0.028125
0 0.224219 0.666406 0.029687 0.023438
0 0.413281 0.675781 0.023438 0.023438
0 0.471094 0.674219 0.023438 0.026562
0 0.286719 0.669531 0.023438 0.017188
0 0.530469 0.675000 0.026562 0.031250
0 0.159375 0.668750 0.028125 0.025000
0 0.349219 0.671875 0.032813 0.034375
0 0.095312 0.664062 0.025000 0.028125
0 0.037500 0.660156 0.021875 0.023438
0 0.977344 0.608594 0.026562 0.023438
0 0.917969 0.606250 0.029687 0.025000
0 0.855469 0.600000 0.026562 0.021875
0 0.787500 0.596875 0.028125 0.025000
0 0.728125 0.597656 0.028125 0.026562
0 0.598437 0.592187 0.028125 0.025000
0 0.414062 0.585938 0.025000 0.015625
0 0.660156 0.592187 0.023438 0.034375
0 0.532813 0.585938 0.028125 0.021875
0 0.353125 0.587500 0.025000 0.028125
0 0.478125 0.584375 0.028125 0.025000
0 0.292187 0.585938 0.025000 0.028125
0 0.228125 0.583594 0.028125 0.023438
0 0.102344 0.577344 0.029687 0.026562
0 0.161719 0.578906 0.035937 0.032813
0 0.040625 0.576562 0.028125 0.031250
0 0.976562 0.524219 0.028125 0.023438
0 0.914844 0.518750 0.032813 0.025000
0 0.853125 0.510938 0.031250 0.021875
0 0.790625 0.507812 0.018750 0.021875
0 0.600000 0.507812 0.021875 0.021875
0 0.539844 0.506250 0.026562 0.025000
0 0.671094 0.505469 0.035937 0.026562
0 0.416406 0.496875 0.026562 0.025000
0 0.293750 0.492969 0.021875 0.017188
0 0.722656 0.505469 0.032813 0.032813
0 0.353125 0.494531 0.025000 0.023438
0 0.100000 0.485156 0.025000 0.010937
0 0.234375 0.490625 0.028125 0.025000
0 0.166406 0.486719 0.035937 0.029687
0 0.039844 0.480469 0.029687 0.029687
0 0.979688 0.433594 0.028125 0.026562
0 0.917969 0.426563 0.014063 0.012500
0 0.857031 0.422656 0.017188 0.020313
0 0.796094 0.419531 0.014063 0.014063
0 0.732812 0.421094 0.018750 0.023438
0 0.607812 0.417969 0.012500 0.017188
0 0.667188 0.419531 0.015625 0.023438
0 0.540625 0.416406 0.028125 0.026562
0 0.422656 0.417969 0.020313 0.029687
0 0.480469 0.414844 0.020313 0.026562
0 0.353906 0.412500 0.023438 0.025000
0 0.103125 0.405469 0.018750 0.017188
0 0.232031 0.407813 0.023438 0.025000
0 0.292187 0.408594 0.028125 0.029687
0 0.166406 0.403906 0.023438 0.026562
0 0.050000 0.398438 0.025000 0.028125
0 0.875781 0.336719 0.026562 0.023438
0 0.928906 0.343750 0.017188 0.021875
0 0.815625 0.337500 0.015625 0.021875
0 0.753125 0.334375 0.021875 0.021875
0 0.680469 0.332813 0.029687 0.028125
0 0.551562 0.329688 0.031250 0.037500
0 0.427344 0.322656 0.029687 0.029687
0 0.359375 0.324219 0.025000 0.023438
0 0.121094 0.314844 0.035937 0.029687
0 0.180469 0.317188 0.026562 0.028125
0 0.064062 0.314844 0.028125 0.026562
0 0.937500 0.252344 0.015625 0.020313
0 0.755469 0.237500 0.026562 0.025000
0 0.885938 0.245312 0.015625 0.018750
0 0.621875 0.241406 0.031250 0.026562
0 0.690625 0.242188 0.021875 0.018750
0 0.559375 0.238281 0.025000 0.029687
0 0.258594 0.228906 0.029687 0.023438
0 0.314844 0.227344 0.026562 0.026562
0 0.429688 0.235156 0.025000 0.023438
0 0.375000 0.232031 0.021875 0.023438
0 0.191406 0.229687 0.026562 0.021875
0 0.121875 0.225781 0.021875 0.020313
0 0.066406 0.223438 0.017188 0.018750
0 0.843750 0.157812 0.034375 0.028125
0 0.903906 0.156250 0.029687 0.034375
0 0.721094 0.159375 0.023438 0.025000
0 0.605469 0.157812 0.020313 0.025000
0 0.655469 0.157031 0.032813 0.026562
0 0.540625 0.157031 0.028125 0.026562
0 0.480469 0.153125 0.029687 0.021875
0 0.412500 0.149219 0.025000 0.023438
0 0.108594 0.146875 0.023438 0.018750
0 0.063281 0.142187 0.026562 0.034375
0 0.357812 0.146875 0.025000 0.025000
0 0.169531 0.147656 0.023438 0.026562
0 0.225781 0.146875 0.029687 0.028125
0 0.302344 0.142187 0.026562 0.025000
0 0.741406 0.068750 0.026562 0.028125
0 0.792188 0.065625 0.031250 0.037500
0 0.976562 0.074219 0.034375 0.035937
0 0.846875 0.065625 0.031250 0.031250
0 0.914062 0.066406 0.034375 0.035937
0 0.548438 0.066406 0.025000 0.026562
0 0.488281 0.064844 0.023438 0.023438
0 0.610938 0.066406 0.021875 0.029687
0 0.664844 0.065625 0.032813 0.031250
0 0.242969 0.059375 0.023438 0.021875
0 0.177344 0.053906 0.035937 0.029687
0 0.118750 0.050000 0.031250 0.034375
0 0.425000 0.054688 0.025000 0.025000
0 0.361719 0.046875 0.035937 0.031250
0 0.012500 0.046094 0.021875 0.023438
0 0.071094 0.044531 0.026562 0.023438
0 0.621094 0.328906 0.035937 0.039062
0 0.817969 0.244531 0.039062 0.035937
0 0.963281 0.164062 0.039062 0.031250
0 0.250000 0.318750 0.040625 0.034375
0 0.302344 0.325000 0.029687 0.031250
0 0.483594 0.500000 0.039062 0.028125
0 0.302344 0.056250 0.054688 0.034375