0 0.461719 0.879687 0.017188 0.012500
0 0.636719 0.878906 0.023438 0.014063
0 0.517188 0.877344 0.025000 0.017188
0 0.580469 0.874219 0.017188 0.023438
0 0.335156 0.867969 0.020313 0.023438
0 0.267188 0.864062 0.031250 0.025000
0 0.205469 0.859375 0.029687 0.021875
0 0.144531 0.859375 0.026562 0.021875
0 0.021094 0.858594 0.023438 0.020313
0 0.082031 0.858594 0.017188 0.026562
0 0.838281 0.792188 0.029687 0.031250
0 0.711719 0.792969 0.029687 0.026562
0 0.643750 0.794531 0.025000 0.029687
0 0.582812 0.787500 0.025000 0.025000
0 0.522656 0.787500 0.026562 0.025000
0 0.461719 0.781250 0.023438 0.025000
0 0.337500 0.774219 0.015625 0.014063
0 0.208594 0.773438 0.023438 0.025000
0 0.271875 0.771094 0.025000 0.023438
0 0.150000 0.769531 0.028125 0.026562
0 0.024219 0.766406 0.026562 0.026562
0 0.083594 0.768750 0.023438 0.034375
0 0.849219 0.710156 0.026562 0.023438
0 0.718750 0.707031 0.028125 0.026562
0 0.536719 0.698438 0.010937 0.018750
0 0.658594 0.702344 0.020313 0.029687
0 0.414062 0.688281 0.028125 0.026562
0 0.591406 0.698438 0.020313 0.028125
0 0.470313 0.697656 0.025000 0.026562
0 0.343750 0.685156 0.031250 0.029687
0 0.289062 0.685156 0.025000 0.023438
0 0.157031 0.682031 0.026562 0.023438
0 0.220312 0.685156 0.025000 0.035937
0 0.093750 0.681250 0.025000 0.028125
0 0.030469 0.675000 0.026562 0.031250
0 0.846094 0.621875 0.023438 0.018750
0 0.659375 0.618750 0.018750 0.021875
0 0.792969 0.620313 0.042188 0.031250
0 0.721875 0.618750 0.028125 0.028125
0 0.599219 0.612500 0.020313 0.025000
0 0.539062 0.611719 0.025000 0.029687
0 0.477344 0.608594 0.026562 0.023438
0 0.417969 0.606250 0.029687 0.025000
0 0.355469 0.600000 0.026562 0.021875
0 0.287500 0.596875 0.028125 0.025000
0 0.228125 0.597656 0.028125 0.026562
0 0.098437 0.592187 0.028125 0.025000
0 0.160156 0.592187 0.023438 0.034375
0 0.032813 0.585938 0.028125 0.021875
0 0.847656 0.535937 0.026562 0.021875
0 0.725781 0.526563 0.032813 0.025000
0 0.790625 0.527344 0.031250 0.020313
0 0.663281 0.532813 0.026562 0.031250
0 0.600000 0.525000 0.025000 0.025000
0 0.542969 0.525781 0.023438 0.026562
0 0.476562 0.524219 0.028125 0.023438
0 0.414844 0.518750 0.032813 0.025000
0 0.353125 0.510938 0.031250 0.021875
0 0.290625 0.507812 0.018750 0.021875
0 0.100000 0.507812 0.021875 0.021875
0 0.039844 0.506250 0.026562 0.025000
0 0.171094 0.505469 0.035937 0.026562
0 0.222656 0.505469 0.032813 0.032813
0 0.846875 0.447656 0.025000 0.029687
0 0.613281 0.435937 0.035937 0.037500
0 0.667969 0.435937 0.035937 0.034375
0 0.545312 0.437500 0.018750 0.025000
0 0.479687 0.433594 0.028125 0.026562
0 0.417969 0.426563 0.014063 0.012500
0 0.357031 0.422656 0.017188 0.020313
0 0.296094 0.419531 0.014063 0.014063
0 0.232813 0.421094 0.018750 0.023438
0 0.107813 0.417969 0.012500 0.017188
0 0.167187 0.419531 0.015625 0.023438
0 0.040625 0.416406 0.028125 0.026562
0 0.550781 0.346875 0.029687 0.031250
0 0.484375 0.342187 0.031250 0.031250
0 0.375781 0.336719 0.026562 0.023438
0 0.428906 0.343750 0.017188 0.021875
0 0.315625 0.337500 0.015625 0.021875
0 0.253125 0.334375 0.021875 0.021875
0 0.180469 0.332813 0.029687 0.028125
0 0.051562 0.329688 0.031250 0.037500
0 0.620313 0.257812 0.021875 0.025000
0 0.497656 0.255469 0.017188 0.023438
0 0.558594 0.254688 0.026562 0.025000
0 0.437500 0.252344 0.015625 0.020313
0 0.255469 0.237500 0.026562 0.025000
0 0.385937 0.245312 0.015625 0.018750
0 0.121875 0.241406 0.031250 0.026562
0 0.190625 0.242188 0.021875 0.018750
0 0.059375 0.238281 0.025000 0.029687
0 0.596094 0.173437 0.023438 0.025000
0 0.530469 0.167969 0.023438 0.017188
0 0.343750 0.157812 0.034375 0.028125
0 0.403906 0.156250 0.029687 0.034375
0 0.221094 0.159375 0.023438 0.025000
0 0.105469 0.157812 0.020313 0.025000
0 0.155469 0.157031 0.032813 0.026562
0 0.040625 0.157031 0.028125 0.026562
0 0.792969 0.079687 0.032813 0.031250
0 0.735938 0.078906 0.028125 0.026562
0 0.241406 0.068750 0.026562 0.028125
0 0.536719 0.077344 0.042188 0.039062
0 0.292187 0.065625 0.031250 0.037500
0 0.664062 0.079687 0.031250 0.028125
0 0.476562 0.074219 0.034375 0.035937
0 0.346875 0.065625 0.031250 0.031250
0 0.414062 0.066406 0.034375 0.035937
0 0.048438 0.066406 0.025000 0.026562
0 0.110937 0.066406 0.021875 0.029687
0 0.164844 0.065625 0.032813 0.031250
0 0.872656 0.275000 0.026562 0.034375
0 0.861719 0.372656 0.029687 0.029687
0 0.728906 0.439063 0.042188 0.034375
0 0.786719 0.445312 0.039062 0.031250
0 0.121094 0.328906 0.035937 0.039062
0 0.317969 0.244531 0.039062 0.035937
0 0.463281 0.164062 0.039062 0.031250
0 0.605469 0.073438 0.032813 0.031250
0 0.845313 0.184375 0.034375 0.034375
0 0.607812 0.350000 0.034375 0.031250