0 0.948438 0.944531 0.034375 0.032813
0 0.881250 0.939063 0.031250 0.025000
0 0.815625 0.938281 0.025000 0.023438
0 0.755469 0.935156 0.020313 0.023438
0 0.693750 0.931250 0.028125 0.034375
0 0.632031 0.928906 0.029687 0.039062
0 0.456250 0.925000 0.028125 0.031250
0 0.396094 0.932031 0.029687 0.026562
0 0.577344 0.928125 0.023438 0.021875
0 0.514062 0.928125 0.021875 0.021875
0 0.266406 0.922656 0.039062 0.035937
0 0.336719 0.928906 0.029687 0.029687
0 0.210938 0.922656 0.018750 0.020313
0 0.146094 0.912500 0.035937 0.031250
0 0.087500 0.913281 0.028125 0.026562
0 0.022656 0.912500 0.023438 0.025000
0 0.946094 0.850781 0.029687 0.035937
0 0.877344 0.843750 0.035937 0.034375
0 0.697656 0.845313 0.029687 0.028125
0 0.821875 0.842187 0.034375 0.028125
0 0.405469 0.839063 0.032813 0.034375
0 0.763281 0.842187 0.023438 0.018750
0 0.645312 0.842187 0.034375 0.037500
0 0.463281 0.837500 0.029687 0.028125
0 0.582812 0.835938 0.031250 0.028125
0 0.342187 0.839844 0.028125 0.023438
0 0.518750 0.832812 0.034375 0.034375
0 0.212500 0.836719 0.025000 0.020313
0 0.278125 0.835156 0.015625 0.020313
0 0.159375 0.831250 0.025000 0.021875
0 0.089844 0.828125 0.029687 0.025000
0 0.028906 0.823438 0.020313 0.025000
0 0.960938 0.767188 0.031250 0.031250
0 0.902344 0.760156 0.026562 0.032813
0 0.349219 0.756250 0.029687 0.034375
0 0.772656 0.757812 0.026562 0.031250
0 0.592187 0.750781 0.028125 0.023438
0 0.710156 0.752344 0.032813 0.029687
0 0.291406 0.751563 0.032813 0.028125
0 0.835938 0.748437 0.031250 0.031250
0 0.651563 0.752344 0.031250 0.029687
0 0.535937 0.747656 0.037500 0.039062
0 0.225000 0.747656 0.021875 0.020313
0 0.162500 0.744531 0.031250 0.023438
0 0.109375 0.739844 0.025000 0.026562
0 0.039062 0.735938 0.021875 0.018750
0 0.956250 0.682031 0.037500 0.026562
0 0.903906 0.677344 0.026562 0.017188
0 0.839063 0.669531 0.031250 0.035937
0 0.775000 0.664844 0.021875 0.032813
0 0.299219 0.657031 0.026562 0.023438
0 0.715625 0.664062 0.034375 0.034375
0 0.475781 0.660937 0.029687 0.031250
0 0.226562 0.655469 0.025000 0.023438
0 0.654687 0.661719 0.037500 0.032813
0 0.589844 0.660937 0.032813 0.028125
0 0.535937 0.657813 0.028125 0.037500
0 0.169531 0.653906 0.029687 0.023438
0 0.108594 0.646875 0.026562 0.025000
0 0.042188 0.646875 0.031250 0.028125
0 0.964063 0.589063 0.025000 0.025000
0 0.907813 0.581250 0.025000 0.021875
0 0.840625 0.584375 0.037500 0.028125
0 0.483594 0.568750 0.023438 0.021875
0 0.789844 0.578125 0.032813 0.025000
0 0.597656 0.571875 0.017188 0.015625
0 0.724219 0.576562 0.029687 0.028125
0 0.660937 0.573438 0.031250 0.025000
0 0.415625 0.574219 0.028125 0.026562
0 0.349219 0.568750 0.023438 0.021875
0 0.535156 0.568750 0.026562 0.025000
0 0.296875 0.565625 0.018750 0.018750
0 0.171875 0.564063 0.021875 0.021875
0 0.232813 0.564063 0.021875 0.025000
0 0.110156 0.561719 0.026562 0.020313
0 0.048438 0.556250 0.028125 0.025000
0 0.967969 0.497656 0.023438 0.017188
0 0.906250 0.494531 0.021875 0.023438
0 0.783594 0.491406 0.023438 0.023438
0 0.721094 0.489063 0.029687 0.025000
0 0.843750 0.488281 0.025000 0.026562
0 0.657813 0.484375 0.025000 0.018750
0 0.481250 0.484375 0.025000 0.018750
0 0.603125 0.485938 0.025000 0.028125
0 0.411719 0.483594 0.032813 0.026562
0 0.351562 0.480469 0.025000 0.023438
0 0.289844 0.478906 0.026562 0.023438
0 0.536719 0.480469 0.032813 0.029687
0 0.234375 0.476562 0.025000 0.025000
0 0.171875 0.471875 0.028125 0.021875
0 0.107031 0.467969 0.029687 0.023438
0 0.046875 0.462500 0.031250 0.028125
0 0.975781 0.408594 0.023438 0.029687
0 0.918750 0.403906 0.040625 0.026562
0 0.857031 0.402344 0.023438 0.026562
0 0.796875 0.401562 0.025000 0.025000
0 0.610156 0.391406 0.032813 0.029687
0 0.421094 0.398438 0.020313 0.021875
0 0.732031 0.399219 0.029687 0.026562
0 0.362500 0.393750 0.021875 0.018750
0 0.669531 0.395313 0.029687 0.028125
0 0.551562 0.393750 0.025000 0.025000
0 0.489844 0.392969 0.023438 0.026562
0 0.303906 0.386719 0.026562 0.023438
0 0.238281 0.378906 0.032813 0.032813
0 0.178906 0.378125 0.039062 0.040625
0 0.116406 0.379688 0.026562 0.021875
0 0.063281 0.377344 0.023438 0.023438
0 0.866406 0.311719 0.035937 0.032813
0 0.917188 0.312500 0.040625 0.040625
0 0.735938 0.310156 0.028125 0.017188
0 0.803125 0.311719 0.025000 0.023438
0 0.422656 0.309375 0.023438 0.021875
0 0.676562 0.307031 0.028125 0.023438
0 0.494531 0.299219 0.029687 0.029687
0 0.364844 0.304688 0.020313 0.018750
0 0.615625 0.306250 0.025000 0.025000
0 0.557813 0.305469 0.025000 0.023438
0 0.309375 0.298438 0.034375 0.031250
0 0.176563 0.292187 0.031250 0.028125
0 0.244531 0.290625 0.032813 0.037500
0 0.127344 0.286719 0.029687 0.026562
0 0.068750 0.282031 0.034375 0.032813
0 0.956250 0.244531 0.034375 0.026562
0 0.896094 0.238281 0.035937 0.035937
0 0.833594 0.235156 0.039062 0.035937
0 0.765625 0.225781 0.025000 0.020313
0 0.706250 0.225000 0.025000 0.025000
0 0.582812 0.215625 0.031250 0.028125
0 0.646094 0.219531 0.023438 0.020313
0 0.465625 0.209375 0.031250 0.037500
0 0.529687 0.216406 0.021875 0.023438
0 0.330469 0.212500 0.023438 0.018750
0 0.392188 0.208594 0.034375 0.039062
0 0.268750 0.208594 0.025000 0.020313
0 0.217188 0.201563 0.015625 0.015625
0 0.157812 0.196875 0.018750 0.012500
0 0.095312 0.185938 0.028125 0.028125
0 0.031250 0.185938 0.018750 0.018750
0 0.963281 0.153906 0.026562 0.029687
0 0.907031 0.144531 0.035937 0.032813
0 0.838281 0.140625 0.020313 0.021875
0 0.774219 0.137500 0.026562 0.025000
0 0.651563 0.133594 0.021875 0.017188
0 0.713281 0.134375 0.029687 0.028125
0 0.589844 0.127344 0.020313 0.020313
0 0.538281 0.122656 0.026562 0.026562
0 0.338281 0.125781 0.017188 0.017188
0 0.396875 0.114844 0.028125 0.032813
0 0.271094 0.120313 0.023438 0.018750
0 0.472656 0.115625 0.029687 0.031250
0 0.222656 0.116406 0.023438 0.023438
0 0.160156 0.107031 0.026562 0.020313
0 0.100000 0.104688 0.021875 0.021875
0 0.035156 0.094531 0.026562 0.023438
0 0.972656 0.064844 0.026562 0.023438
0 0.912500 0.056250 0.028125 0.025000
0 0.849219 0.056250 0.029687 0.028125
0 0.778125 0.041406 0.021875 0.032813
0 0.722656 0.046094 0.020313 0.026562
0 0.596094 0.039062 0.023438 0.025000
0 0.655469 0.042188 0.023438 0.018750
0 0.345313 0.035156 0.031250 0.029687
0 0.542188 0.038281 0.018750 0.017188
0 0.286719 0.027344 0.032813 0.026562
0 0.478125 0.032031 0.028125 0.023438
0 0.228125 0.024219 0.028125 0.023438
0 0.171094 0.016406 0.020313 0.029687
0 0.103906 0.012500 0.029687 0.021875
0 0.038281 0.007031 0.020313 0.010937
0 0.407813 0.660937 0.031250 0.034375
0 0.462500 0.750781 0.037500 0.039062
0 0.408594 0.753906 0.032813 0.035937
0 0.412500 0.035937 0.031250 0.031250