0 0.136719 0.878906 0.023438 0.014063
0 0.017188 0.877344 0.025000 0.017188
0 0.080469 0.874219 0.017188 0.023438
0 0.338281 0.792188 0.029687 0.031250
0 0.211719 0.792969 0.029687 0.026562
0 0.143750 0.794531 0.025000 0.029687
0 0.082812 0.787500 0.025000 0.025000
0 0.022656 0.787500 0.026562 0.025000
0 0.349219 0.710156 0.026562 0.023438
0 0.218750 0.707031 0.028125 0.026562
0 0.036719 0.698438 0.010937 0.018750
0 0.158594 0.702344 0.020313 0.029687
0 0.091406 0.698438 0.020313 0.028125
0 0.346094 0.621875 0.023438 0.018750
0 0.159375 0.618750 0.018750 0.021875
0 0.292969 0.620313 0.042188 0.031250
0 0.221875 0.618750 0.028125 0.028125
0 0.099219 0.612500 0.020313 0.025000
0 0.039062 0.611719 0.025000 0.029687
0 0.347656 0.535937 0.026562 0.021875
0 0.225781 0.526563 0.032813 0.025000
0 0.290625 0.527344 0.031250 0.020313
0 0.163281 0.532813 0.026562 0.031250
0 0.100000 0.525000 0.025000 0.025000
0 0.042969 0.525781 0.023438 0.026562
0 0.346875 0.447656 0.025000 0.029687
0 0.113281 0.435937 0.035937 0.037500
0 0.167969 0.435937 0.035937 0.034375
0 0.045312 0.437500 0.018750 0.025000
0 0.050781 0.346875 0.029687 0.031250
0 0.120313 0.257812 0.021875 0.025000
0 0.058594 0.254688 0.026562 0.025000
0 0.096094 0.173437 0.023438 0.025000
0 0.030469 0.167969 0.023438 0.017188
0 0.292969 0.079687 0.032813 0.031250
0 0.235937 0.078906 0.028125 0.026562
0 0.036719 0.077344 0.042188 0.039062
0 0.164062 0.079687 0.031250 0.028125
0 0.372656 0.275000 0.026562 0.034375
0 0.361719 0.372656 0.029687 0.029687
0 0.228906 0.439063 0.042188 0.034375
0 0.286719 0.445312 0.039062 0.031250
0 0.105469 0.073438 0.032813 0.031250
0 0.345313 0.184375 0.034375 0.034375
0 0.107813 0.350000 0.034375 0.031250