0 0.845313 0.339844 0.021875 0.026562
0 0.965625 0.335938 0.018750 0.015625
0 0.785156 0.339844 0.029687 0.026562
0 0.904687 0.339844 0.031250 0.029687
0 0.654687 0.330469 0.031250 0.023438
0 0.353906 0.324219 0.026562 0.029687
0 0.721875 0.331250 0.031250 0.028125
0 0.593750 0.330469 0.025000 0.026562
0 0.478906 0.326562 0.020313 0.018750
0 0.164062 0.321875 0.025000 0.021875
0 0.535156 0.328125 0.026562 0.028125
0 0.414062 0.324219 0.031250 0.020313
0 0.222656 0.321875 0.026562 0.028125
0 0.106250 0.318750 0.018750 0.021875
0 0.033594 0.313281 0.023438 0.014063
0 0.285938 0.317969 0.028125 0.032813
0 0.845313 0.250000 0.028125 0.025000
0 0.903906 0.249219 0.029687 0.026562
0 0.789062 0.246875 0.031250 0.025000
0 0.725781 0.245312 0.032813 0.025000
0 0.664062 0.239063 0.025000 0.025000
0 0.600000 0.239844 0.028125 0.026562
0 0.539844 0.237500 0.029687 0.028125
0 0.418750 0.236719 0.028125 0.026562
0 0.289844 0.234375 0.029687 0.025000
0 0.482031 0.233594 0.026562 0.026562
0 0.353125 0.233594 0.034375 0.026562
0 0.212500 0.231250 0.040625 0.028125
0 0.856250 0.164844 0.025000 0.026562
0 0.975781 0.159375 0.020313 0.018750
0 0.915625 0.160938 0.018750 0.025000
0 0.792969 0.159375 0.023438 0.021875
0 0.727344 0.157031 0.026562 0.023438
0 0.541406 0.147656 0.035937 0.029687
0 0.484375 0.146094 0.031250 0.026562
0 0.605469 0.153125 0.026562 0.025000
0 0.671094 0.151562 0.023438 0.025000
0 0.426563 0.150000 0.018750 0.025000
0 0.116406 0.142969 0.020313 0.023438
0 0.234375 0.142187 0.028125 0.025000
0 0.296094 0.141406 0.026562 0.029687
0 0.173437 0.139844 0.025000 0.026562
0 0.986719 0.073438 0.017188 0.018750
0 0.862500 0.074219 0.025000 0.026562
0 0.737500 0.069531 0.021875 0.020313
0 0.924219 0.069531 0.032813 0.023438
0 0.799219 0.072656 0.029687 0.029687
0 0.675781 0.066406 0.029687 0.026562
0 0.478906 0.059375 0.017188 0.015625
0 0.543750 0.062500 0.031250 0.025000
0 0.425781 0.060156 0.026562 0.026562
0 0.176563 0.046875 0.028125 0.025000
0 0.364844 0.057031 0.029687 0.026562
0 0.300781 0.057813 0.029687 0.031250
0 0.120313 0.052344 0.021875 0.023438
0 0.239063 0.051562 0.025000 0.025000
0 0.050781 0.045312 0.026562 0.021875
0 0.604688 0.062500 0.037500 0.037500
0 0.163281 0.228125 0.026562 0.028125