0 0.896094 0.350781 0.029687 0.026562
0 0.774219 0.350781 0.020313 0.026562
0 0.711719 0.351562 0.026562 0.028125
0 0.832031 0.351562 0.032813 0.031250
0 0.646094 0.349219 0.026562 0.029687
0 0.345313 0.339844 0.021875 0.026562
0 0.465625 0.335938 0.018750 0.015625
0 0.524219 0.340625 0.029687 0.028125
0 0.285156 0.339844 0.029687 0.026562
0 0.585156 0.341406 0.026562 0.032813
0 0.404687 0.339844 0.031250 0.029687
0 0.154688 0.330469 0.031250 0.023438
0 0.221875 0.331250 0.031250 0.028125
0 0.093750 0.330469 0.025000 0.026562
0 0.035156 0.328125 0.026562 0.028125
0 0.841406 0.264062 0.026562 0.028125
0 0.780469 0.260937 0.023438 0.021875
0 0.714063 0.260937 0.028125 0.025000
0 0.967969 0.259375 0.020313 0.025000
0 0.910156 0.259375 0.029687 0.025000
0 0.650781 0.258594 0.026562 0.023438
0 0.527344 0.250000 0.017188 0.018750
0 0.345313 0.250000 0.028125 0.025000
0 0.589063 0.251563 0.025000 0.031250
0 0.403906 0.249219 0.029687 0.026562
0 0.289062 0.246875 0.031250 0.025000
0 0.225781 0.245312 0.032813 0.025000
0 0.164062 0.239063 0.025000 0.025000
0 0.100000 0.239844 0.028125 0.026562
0 0.039844 0.237500 0.029687 0.028125
0 0.724219 0.166406 0.029687 0.023438
0 0.913281 0.175781 0.023438 0.023438
0 0.971094 0.174219 0.023438 0.026562
0 0.786719 0.169531 0.023438 0.017188
0 0.659375 0.168750 0.028125 0.025000
0 0.849219 0.171875 0.032813 0.034375
0 0.356250 0.164844 0.025000 0.026562
0 0.595313 0.164062 0.025000 0.028125
0 0.475781 0.159375 0.020313 0.018750
0 0.537500 0.160156 0.021875 0.023438
0 0.415625 0.160938 0.018750 0.025000
0 0.292969 0.159375 0.023438 0.021875
0 0.227344 0.157031 0.026562 0.023438
0 0.041406 0.147656 0.035937 0.029687
0 0.105469 0.153125 0.026562 0.025000
0 0.171094 0.151562 0.023438 0.025000
0 0.914062 0.085938 0.025000 0.015625
0 0.853125 0.087500 0.025000 0.028125
0 0.978125 0.084375 0.028125 0.025000
0 0.792188 0.085938 0.025000 0.028125
0 0.728125 0.083594 0.028125 0.023438
0 0.602344 0.077344 0.029687 0.026562
0 0.486719 0.073438 0.017188 0.018750
0 0.661719 0.078906 0.035937 0.032813
0 0.540625 0.076563 0.028125 0.031250
0 0.362500 0.074219 0.025000 0.026562
0 0.237500 0.069531 0.021875 0.020313
0 0.424219 0.069531 0.032813 0.023438
0 0.299219 0.072656 0.029687 0.029687
0 0.175781 0.066406 0.029687 0.026562
0 0.043750 0.062500 0.031250 0.025000
0 0.104688 0.062500 0.037500 0.037500