0 0.961719 0.379688 0.017188 0.012500
0 0.835156 0.367969 0.020313 0.023438
0 0.767188 0.364063 0.031250 0.025000
0 0.705469 0.359375 0.029687 0.021875
0 0.644531 0.359375 0.026562 0.021875
0 0.521094 0.358594 0.023438 0.020313
0 0.582031 0.358594 0.017188 0.026562
0 0.396094 0.350781 0.029687 0.026562
0 0.274219 0.350781 0.020313 0.026562
0 0.211719 0.351562 0.026562 0.028125
0 0.332031 0.351562 0.032813 0.031250
0 0.146094 0.349219 0.026562 0.029687
0 0.024219 0.340625 0.029687 0.028125
0 0.085156 0.341406 0.026562 0.032813
0 0.961719 0.281250 0.023438 0.025000
0 0.837500 0.274219 0.015625 0.014063
0 0.708594 0.273438 0.023438 0.025000
0 0.771875 0.271094 0.025000 0.023438
0 0.650000 0.269531 0.028125 0.026562
0 0.524219 0.266406 0.026562 0.026562
0 0.583594 0.268750 0.023438 0.034375
0 0.341406 0.264062 0.026562 0.028125
0 0.280469 0.260937 0.023438 0.021875
0 0.214062 0.260937 0.028125 0.025000
0 0.467969 0.259375 0.020313 0.025000
0 0.410156 0.259375 0.029687 0.025000
0 0.150781 0.258594 0.026562 0.023438
0 0.027344 0.250000 0.017188 0.018750
0 0.089063 0.251563 0.025000 0.031250
0 0.914062 0.188281 0.028125 0.026562
0 0.970313 0.197656 0.025000 0.026562
0 0.843750 0.185156 0.031250 0.029687
0 0.789062 0.185156 0.025000 0.023438
0 0.657031 0.182031 0.026562 0.023438
0 0.720313 0.185156 0.025000 0.035937
0 0.593750 0.181250 0.025000 0.028125
0 0.224219 0.166406 0.029687 0.023438
0 0.413281 0.175781 0.023438 0.023438
0 0.471094 0.174219 0.023438 0.026562
0 0.286719 0.169531 0.023438 0.017188
0 0.530469 0.175000 0.026562 0.031250
0 0.159375 0.168750 0.028125 0.025000
0 0.349219 0.171875 0.032813 0.034375
0 0.095312 0.164062 0.025000 0.028125
0 0.037500 0.160156 0.021875 0.023438
0 0.977344 0.108594 0.026562 0.023438
0 0.917969 0.106250 0.029687 0.025000
0 0.855469 0.100000 0.026562 0.021875
0 0.787500 0.096875 0.028125 0.025000
0 0.728125 0.097656 0.028125 0.026562
0 0.598437 0.092188 0.028125 0.025000
0 0.414062 0.085938 0.025000 0.015625
0 0.660156 0.092188 0.023438 0.034375
0 0.532813 0.085938 0.028125 0.021875
0 0.353125 0.087500 0.025000 0.028125
0 0.478125 0.084375 0.028125 0.025000
0 0.292187 0.085938 0.025000 0.028125
0 0.228125 0.083594 0.028125 0.023438
0 0.102344 0.077344 0.029687 0.026562
0 0.161719 0.078906 0.035937 0.032813
0 0.040625 0.076563 0.028125 0.031250
0 0.976562 0.024219 0.028125 0.023438
0 0.914844 0.018750 0.032813 0.025000