0 0.461719 0.379688 0.017188 0.012500
0 0.636719 0.378906 0.023438 0.014063
0 0.517188 0.377344 0.025000 0.017188
0 0.580469 0.374219 0.017188 0.023438
0 0.335156 0.367969 0.020313 0.023438
0 0.267188 0.364063 0.031250 0.025000
0 0.205469 0.359375 0.029687 0.021875
0 0.144531 0.359375 0.026562 0.021875
0 0.021094 0.358594 0.023438 0.020313
0 0.082031 0.358594 0.017188 0.026562
0 0.838281 0.292187 0.029687 0.031250
0 0.711719 0.292969 0.029687 0.026562
0 0.643750 0.294531 0.025000 0.029687
0 0.582812 0.287500 0.025000 0.025000
0 0.522656 0.287500 0.026562 0.025000
0 0.461719 0.281250 0.023438 0.025000
0 0.337500 0.274219 0.015625 0.014063
0 0.208594 0.273438 0.023438 0.025000
0 0.271875 0.271094 0.025000 0.023438
0 0.150000 0.269531 0.028125 0.026562
0 0.024219 0.266406 0.026562 0.026562
0 0.083594 0.268750 0.023438 0.034375
0 0.849219 0.210156 0.026562 0.023438
0 0.718750 0.207031 0.028125 0.026562
0 0.536719 0.198437 0.010937 0.018750
0 0.658594 0.202344 0.020313 0.029687
0 0.414062 0.188281 0.028125 0.026562
0 0.591406 0.198437 0.020313 0.028125
0 0.470313 0.197656 0.025000 0.026562
0 0.343750 0.185156 0.031250 0.029687
0 0.289062 0.185156 0.025000 0.023438
0 0.157031 0.182031 0.026562 0.023438
0 0.220312 0.185156 0.025000 0.035937
0 0.093750 0.181250 0.025000 0.028125
0 0.030469 0.175000 0.026562 0.031250
0 0.846094 0.121875 0.023438 0.018750
0 0.659375 0.118750 0.018750 0.021875
0 0.792969 0.120313 0.042188 0.031250
0 0.721875 0.118750 0.028125 0.028125
0 0.599219 0.112500 0.020313 0.025000
0 0.539062 0.111719 0.025000 0.029687
0 0.477344 0.108594 0.026562 0.023438
0 0.417969 0.106250 0.029687 0.025000
0 0.355469 0.100000 0.026562 0.021875
0 0.287500 0.096875 0.028125 0.025000
0 0.228125 0.097656 0.028125 0.026562
0 0.098437 0.092188 0.028125 0.025000
0 0.160156 0.092188 0.023438 0.034375
0 0.032813 0.085938 0.028125 0.021875
0 0.847656 0.035937 0.026562 0.021875
0 0.725781 0.026562 0.032813 0.025000
0 0.790625 0.027344 0.031250 0.020313
0 0.663281 0.032813 0.026562 0.031250
0 0.600000 0.025000 0.025000 0.025000
0 0.542969 0.025781 0.023438 0.026562
0 0.476562 0.024219 0.028125 0.023438
0 0.414844 0.018750 0.032813 0.025000