0 0.136719 0.378906 0.023438 0.014063
0 0.017188 0.377344 0.025000 0.017188
0 0.080469 0.374219 0.017188 0.023438
0 0.338281 0.292187 0.029687 0.031250
0 0.211719 0.292969 0.029687 0.026562
0 0.143750 0.294531 0.025000 0.029687
0 0.082812 0.287500 0.025000 0.025000
0 0.022656 0.287500 0.026562 0.025000
0 0.349219 0.210156 0.026562 0.023438
0 0.218750 0.207031 0.028125 0.026562
0 0.036719 0.198437 0.010937 0.018750
0 0.158594 0.202344 0.020313 0.029687
0 0.091406 0.198437 0.020313 0.028125
0 0.346094 0.121875 0.023438 0.018750
0 0.159375 0.118750 0.018750 0.021875
0 0.292969 0.120313 0.042188 0.031250
0 0.221875 0.118750 0.028125 0.028125
0 0.099219 0.112500 0.020313 0.025000
0 0.039062 0.111719 0.025000 0.029687
0 0.347656 0.035937 0.026562 0.021875
0 0.225781 0.026562 0.032813 0.025000
0 0.290625 0.027344 0.031250 0.020313
0 0.163281 0.032813 0.026562 0.031250
0 0.100000 0.025000 0.025000 0.025000
0 0.042969 0.025781 0.023438 0.026562