0 0.935937 0.952344 0.025000 0.032813
0 0.739062 0.947656 0.021875 0.023438
0 0.874219 0.946094 0.023438 0.023438
0 0.807813 0.942969 0.021875 0.026562
0 0.678906 0.941406 0.026562 0.026562
0 0.365625 0.939844 0.034375 0.026562
0 0.616406 0.935156 0.029687 0.020313
0 0.496094 0.933594 0.026562 0.026562
0 0.302344 0.932813 0.032813 0.025000
0 0.558594 0.932813 0.032813 0.028125
0 0.428906 0.933594 0.020313 0.020313
0 0.243750 0.924219 0.028125 0.026562
0 0.178906 0.922656 0.020313 0.026562
0 0.009375 0.917969 0.015625 0.020313
0 0.123438 0.916406 0.018750 0.023438
0 0.062500 0.915625 0.031250 0.025000
0 0.871875 0.858594 0.018750 0.020313
0 0.928125 0.862500 0.031250 0.031250
0 0.068750 0.839063 0.034375 0.028125
0 0.813281 0.854688 0.023438 0.025000
0 0.746875 0.854688 0.025000 0.025000
0 0.683594 0.855469 0.020313 0.026562
0 0.375000 0.845313 0.018750 0.015625
0 0.620313 0.845313 0.018750 0.025000
0 0.563281 0.845313 0.029687 0.028125
0 0.435937 0.846875 0.018750 0.031250
0 0.301563 0.839844 0.028125 0.023438
0 0.500781 0.842187 0.026562 0.031250
0 0.250000 0.832812 0.025000 0.018750
0 0.015625 0.832812 0.028125 0.018750
0 0.183594 0.832031 0.032813 0.023438
0 0.130469 0.830469 0.032813 0.023438
0 0.965625 0.782813 0.031250 0.025000
0 0.904687 0.778906 0.031250 0.023438
0 0.847656 0.778906 0.032813 0.023438
0 0.783594 0.771875 0.023438 0.021875
0 0.734375 0.764844 0.037500 0.023438
0 0.110937 0.761719 0.021875 0.023438
0 0.617188 0.760156 0.025000 0.023438
0 0.175000 0.761719 0.028125 0.026562
0 0.553906 0.757031 0.029687 0.023438
0 0.420312 0.756250 0.028125 0.021875
0 0.350000 0.754687 0.034375 0.021875
0 0.303906 0.756250 0.029687 0.025000
0 0.487500 0.754687 0.028125 0.025000
0 0.242188 0.753906 0.028125 0.023438
0 0.047656 0.750781 0.026562 0.029687
0 0.978125 0.694531 0.025000 0.023438
0 0.908594 0.688281 0.017188 0.023438
0 0.851562 0.686719 0.018750 0.020313
0 0.796875 0.682031 0.025000 0.023438
0 0.730469 0.670312 0.026562 0.021875
0 0.678125 0.667969 0.025000 0.023438
0 0.552344 0.670312 0.023438 0.021875
0 0.424219 0.672656 0.023438 0.026562
0 0.360156 0.674219 0.020313 0.029687
0 0.113281 0.670312 0.023438 0.021875
0 0.174219 0.670312 0.026562 0.025000
0 0.236719 0.668750 0.026562 0.028125
0 0.616406 0.667188 0.023438 0.028125
0 0.050781 0.663281 0.023438 0.020313
0 0.491406 0.664062 0.026562 0.034375
0 0.297656 0.660937 0.023438 0.031250
0 0.984375 0.608594 0.025000 0.017188
0 0.860156 0.602344 0.023438 0.017188
0 0.803125 0.602344 0.021875 0.017188
0 0.922656 0.602344 0.023438 0.020313
0 0.734375 0.590625 0.025000 0.025000
0 0.679688 0.585938 0.018750 0.018750
0 0.248438 0.585156 0.021875 0.020313
0 0.621875 0.583594 0.021875 0.023438
0 0.493750 0.581250 0.018750 0.018750
0 0.186719 0.582812 0.020313 0.021875
0 0.128125 0.582812 0.021875 0.025000
0 0.371094 0.581250 0.020313 0.025000
0 0.428906 0.578125 0.026562 0.021875
0 0.560937 0.575781 0.021875 0.020313
0 0.063281 0.574219 0.017188 0.017188
0 0.308594 0.578125 0.020313 0.028125
0 0.007031 0.571875 0.010937 0.018750
0 0.917188 0.512500 0.028125 0.025000
0 0.985156 0.514062 0.023438 0.021875
0 0.863281 0.508594 0.017188 0.020313
0 0.807813 0.503906 0.018750 0.026562
0 0.307031 0.495312 0.023438 0.021875
0 0.684375 0.489844 0.021875 0.023438
0 0.745313 0.492188 0.021875 0.025000
0 0.433594 0.495312 0.023438 0.018750
0 0.367188 0.493750 0.021875 0.015625
0 0.250000 0.493750 0.021875 0.021875
0 0.625000 0.489844 0.021875 0.020313
0 0.126562 0.490625 0.028125 0.021875
0 0.062500 0.490625 0.025000 0.021875
0 0.191406 0.490625 0.020313 0.025000
0 0.008594 0.490625 0.014063 0.025000
0 0.557813 0.488281 0.028125 0.023438
0 0.500781 0.486719 0.023438 0.023438
0 0.931250 0.419531 0.015625 0.020313
0 0.866406 0.414844 0.020313 0.023438
0 0.742188 0.414844 0.012500 0.014063
0 0.805469 0.419531 0.023438 0.026562
0 0.625781 0.408594 0.023438 0.029687
0 0.431250 0.396875 0.018750 0.031250
0 0.196875 0.404687 0.012500 0.012500
0 0.136719 0.407031 0.014063 0.017188
0 0.367188 0.402344 0.018750 0.017188
0 0.064062 0.401562 0.028125 0.031250
0 0.878125 0.336719 0.009375 0.010937
0 0.926562 0.338281 0.009375 0.017188
0 0.810156 0.330469 0.017188 0.017188
0 0.750781 0.321875 0.035937 0.031250
0 0.686719 0.321875 0.017188 0.018750
0 0.141406 0.318750 0.014063 0.012500
0 0.254688 0.317188 0.015625 0.015625
0 0.623437 0.317188 0.028125 0.018750
0 0.441406 0.314063 0.026562 0.025000
0 0.377344 0.313281 0.023438 0.023438
0 0.501563 0.313281 0.021875 0.026562
0 0.076563 0.310937 0.025000 0.021875
0 0.561719 0.303906 0.026562 0.026562
0 0.010156 0.299219 0.017188 0.020313
0 0.887500 0.244531 0.009375 0.010937
0 0.943750 0.247656 0.021875 0.020313
0 0.827344 0.236719 0.007812 0.007812
0 0.150000 0.240625 0.025000 0.025000
0 0.267188 0.234375 0.025000 0.028125
0 0.210938 0.232031 0.025000 0.023438
0 0.630469 0.227344 0.014063 0.020313
0 0.572656 0.227344 0.023438 0.020313
0 0.325781 0.226562 0.020313 0.018750
0 0.506250 0.228125 0.021875 0.025000
0 0.450000 0.228125 0.028125 0.028125
0 0.388281 0.226562 0.023438 0.025000
0 0.022656 0.226562 0.023438 0.028125
0 0.078906 0.221094 0.026562 0.023438
0 0.949219 0.155469 0.023438 0.029687
0 0.886719 0.157031 0.017188 0.023438
0 0.166406 0.138281 0.029687 0.026562
0 0.450000 0.139063 0.028125 0.028125
0 0.331250 0.135156 0.025000 0.026562
0 0.090625 0.132031 0.021875 0.026562
0 0.574219 0.132031 0.026562 0.026562
0 0.511719 0.137500 0.017188 0.021875
0 0.269531 0.137500 0.023438 0.031250
0 0.910156 0.071094 0.020313 0.026562
0 0.545312 0.059375 0.018750 0.021875
0 0.795312 0.064844 0.018750 0.026562
0 0.474219 0.055469 0.017188 0.017188
0 0.037500 0.051562 0.034375 0.031250
0 0.409375 0.052344 0.031250 0.020313
0 0.352344 0.043750 0.035937 0.028125
0 0.283594 0.039062 0.026562 0.025000
0 0.163281 0.039844 0.023438 0.023438
0 0.100000 0.042969 0.028125 0.026562
0 0.273438 0.004687 0.015625 0.006250
0 0.223438 0.039062 0.021875 0.031250
0 0.609375 0.063281 0.028125 0.032813
0 0.666406 0.063281 0.023438 0.026562
0 0.843750 0.157031 0.037500 0.023438
0 0.759375 0.146094 0.028125 0.026562
0 0.628906 0.136719 0.023438 0.026562
0 0.393750 0.136719 0.021875 0.026562
0 0.214844 0.141406 0.023438 0.023438
0 0.032813 0.127344 0.031250 0.020313
0 0.199219 0.317969 0.017188 0.017188