0 0.978125 0.981250 0.025000 0.031250
0 0.925781 0.973437 0.029687 0.031250
0 0.675781 0.966406 0.026562 0.029687
0 0.863281 0.961719 0.023438 0.023438
0 0.796875 0.962500 0.028125 0.025000
0 0.730469 0.960938 0.023438 0.025000
0 0.613281 0.957031 0.029687 0.026562
0 0.551562 0.953906 0.031250 0.026562
0 0.492969 0.950781 0.026562 0.023438
0 0.435937 0.952344 0.025000 0.032813
0 0.239063 0.947656 0.021875 0.023438
0 0.374219 0.946094 0.023438 0.023438
0 0.307812 0.942969 0.021875 0.026562
0 0.178906 0.941406 0.026562 0.026562
0 0.116406 0.935156 0.029687 0.020313
0 0.058594 0.932813 0.032813 0.028125
0 0.978125 0.891406 0.025000 0.023438
0 0.927344 0.877344 0.023438 0.026562
0 0.800000 0.875000 0.031250 0.018750
0 0.730469 0.875781 0.045312 0.029687
0 0.867969 0.875781 0.020313 0.032813
0 0.673438 0.866406 0.031250 0.026562
0 0.621094 0.867969 0.029687 0.026562
0 0.492969 0.862500 0.020313 0.021875
0 0.560937 0.861719 0.031250 0.026562
0 0.371875 0.858594 0.018750 0.020313
0 0.428125 0.862500 0.031250 0.031250
0 0.313281 0.854688 0.023438 0.025000
0 0.246875 0.854688 0.025000 0.025000
0 0.183594 0.855469 0.020313 0.026562
0 0.120313 0.845313 0.018750 0.025000
0 0.063281 0.845313 0.029687 0.028125
0 0.826562 0.803125 0.021875 0.021875
0 0.766406 0.795312 0.029687 0.034375
0 0.903125 0.800000 0.018750 0.025000
0 0.967969 0.799219 0.029687 0.026562
0 0.714063 0.794531 0.028125 0.029687
0 0.589063 0.786719 0.025000 0.026562
0 0.530469 0.785937 0.020313 0.028125
0 0.465625 0.782813 0.031250 0.025000
0 0.404687 0.778906 0.031250 0.023438
0 0.347656 0.778906 0.032813 0.023438
0 0.283594 0.771875 0.023438 0.021875
0 0.234375 0.764844 0.037500 0.023438
0 0.117188 0.760156 0.025000 0.023438
0 0.658594 0.789062 0.042188 0.040625
0 0.053906 0.757031 0.029687 0.023438
0 0.904687 0.713281 0.028125 0.023438
0 0.971094 0.710938 0.026562 0.028125
0 0.835938 0.710938 0.028125 0.031250
0 0.771875 0.706250 0.025000 0.028125
0 0.724219 0.704688 0.020313 0.025000
0 0.659375 0.703906 0.025000 0.023438
0 0.595313 0.700000 0.028125 0.025000
0 0.539844 0.698438 0.023438 0.025000
0 0.478125 0.694531 0.025000 0.023438
0 0.408594 0.688281 0.017188 0.023438
0 0.351562 0.686719 0.018750 0.020313
0 0.296875 0.682031 0.025000 0.023438
0 0.230469 0.670312 0.026562 0.021875
0 0.178125 0.667969 0.025000 0.023438
0 0.052344 0.670312 0.023438 0.021875
0 0.116406 0.667188 0.023438 0.028125
0 0.975781 0.626563 0.023438 0.025000
0 0.914062 0.625000 0.028125 0.021875
0 0.783594 0.623437 0.023438 0.021875
0 0.723437 0.619531 0.028125 0.023438
0 0.668750 0.620313 0.018750 0.025000
0 0.842969 0.619531 0.023438 0.026562
0 0.610156 0.614062 0.020313 0.025000
0 0.484375 0.608594 0.025000 0.017188
0 0.549219 0.608594 0.023438 0.026562
0 0.360156 0.602344 0.023438 0.017188
0 0.303125 0.602344 0.021875 0.017188
0 0.422656 0.602344 0.023438 0.020313
0 0.234375 0.590625 0.025000 0.025000
0 0.179688 0.585938 0.018750 0.018750
0 0.121875 0.583594 0.021875 0.023438
0 0.060937 0.575781 0.021875 0.020313
0 0.853906 0.539062 0.029687 0.025000
0 0.922656 0.529687 0.029687 0.031250
0 0.791406 0.535156 0.010937 0.017188
0 0.726562 0.532031 0.018750 0.017188
0 0.673438 0.528125 0.018750 0.015625
0 0.983594 0.526563 0.017188 0.018750
0 0.547656 0.520312 0.020313 0.025000
0 0.609375 0.523438 0.021875 0.025000
0 0.417187 0.512500 0.028125 0.025000
0 0.485156 0.514062 0.023438 0.021875
0 0.363281 0.508594 0.017188 0.020313
0 0.307812 0.503906 0.018750 0.026562
0 0.184375 0.489844 0.021875 0.023438
0 0.245312 0.492188 0.021875 0.025000
0 0.125000 0.489844 0.021875 0.020313
0 0.057813 0.488281 0.028125 0.023438
0 0.985156 0.448437 0.020313 0.021875
0 0.923438 0.444531 0.031250 0.029687
0 0.675000 0.443750 0.018750 0.025000
0 0.794531 0.441406 0.017188 0.023438
0 0.850781 0.439844 0.017188 0.023438
0 0.494531 0.428906 0.014063 0.017188
0 0.431250 0.419531 0.015625 0.020313
0 0.366406 0.414844 0.020313 0.023438
0 0.242188 0.414844 0.012500 0.014063
0 0.305469 0.419531 0.023438 0.026562
0 0.125781 0.408594 0.023438 0.029687
0 0.981250 0.360938 0.025000 0.021875
0 0.929688 0.360156 0.028125 0.035937
0 0.857812 0.360156 0.021875 0.020313
0 0.802344 0.356250 0.014063 0.018750
0 0.676562 0.350781 0.015625 0.014063
0 0.739844 0.351562 0.020313 0.018750
0 0.619531 0.349219 0.014063 0.017188
0 0.562500 0.346094 0.021875 0.017188
0 0.378125 0.336719 0.009375 0.010937
0 0.493750 0.339062 0.018750 0.018750
0 0.426563 0.338281 0.009375 0.017188
0 0.310156 0.330469 0.017188 0.017188
0 0.250781 0.321875 0.035937 0.031250
0 0.186719 0.321875 0.017188 0.018750
0 0.123438 0.317188 0.028125 0.018750
0 0.061719 0.303906 0.026562 0.026562
0 0.814844 0.272656 0.017188 0.017188
0 0.870313 0.271094 0.021875 0.020313
0 0.932813 0.271875 0.025000 0.025000
0 0.751563 0.267188 0.015625 0.015625
0 0.635156 0.263281 0.020313 0.017188
0 0.572656 0.257031 0.017188 0.014063
0 0.513281 0.257031 0.026562 0.026562
0 0.387500 0.244531 0.009375 0.010937
0 0.443750 0.247656 0.021875 0.020313
0 0.327344 0.236719 0.007812 0.007812
0 0.130469 0.227344 0.014063 0.020313
0 0.072656 0.227344 0.023438 0.020313
0 0.871875 0.192969 0.034375 0.032813
0 0.814844 0.177344 0.014063 0.010937
0 0.757812 0.175000 0.028125 0.025000
0 0.939844 0.182812 0.010937 0.018750
0 0.449219 0.155469 0.023438 0.029687
0 0.386719 0.157031 0.017188 0.023438
0 0.074219 0.132031 0.026562 0.026562
0 0.011719 0.137500 0.017188 0.021875
0 0.912500 0.090625 0.025000 0.025000
0 0.787500 0.088281 0.025000 0.020313
0 0.975000 0.094531 0.018750 0.020313
0 0.658594 0.074219 0.023438 0.023438
0 0.489844 0.067187 0.026562 0.025000
0 0.410156 0.071094 0.020313 0.026562
0 0.605469 0.069531 0.029687 0.029687
0 0.045312 0.059375 0.018750 0.021875
0 0.295312 0.064844 0.018750 0.026562
0 0.914062 0.006250 0.025000 0.009375
0 0.855469 0.006250 0.023438 0.009375
0 0.788281 0.008594 0.026562 0.014063
0 0.109375 0.063281 0.028125 0.032813
0 0.166406 0.063281 0.023438 0.026562
0 0.573438 0.168750 0.018750 0.028125
0 0.696875 0.171094 0.021875 0.023438
0 0.343750 0.157031 0.037500 0.023438
0 0.259375 0.146094 0.028125 0.026562
0 0.128906 0.136719 0.023438 0.026562
0 0.846875 0.089844 0.021875 0.020313