0 0.541406 0.985156 0.023438 0.023438
0 0.796094 0.985156 0.023438 0.026562
0 0.918750 0.978906 0.021875 0.023438
0 0.670312 0.980469 0.025000 0.026562
0 0.596094 0.982031 0.032813 0.029687
0 0.734375 0.979688 0.028125 0.028125
0 0.478125 0.981250 0.025000 0.031250
0 0.425781 0.973437 0.029687 0.031250
0 0.175781 0.966406 0.026562 0.029687
0 0.363281 0.961719 0.023438 0.023438
0 0.296875 0.962500 0.028125 0.025000
0 0.230469 0.960938 0.023438 0.025000
0 0.113281 0.957031 0.029687 0.026562
0 0.051562 0.953906 0.031250 0.026562
0 0.921875 0.898438 0.015625 0.018750
0 0.858594 0.893750 0.023438 0.025000
0 0.478125 0.891406 0.025000 0.023438
0 0.796094 0.892969 0.020313 0.020313
0 0.602344 0.892969 0.023438 0.020313
0 0.742969 0.889062 0.014063 0.025000
0 0.671094 0.889062 0.023438 0.028125
0 0.427344 0.877344 0.023438 0.026562
0 0.300000 0.875000 0.031250 0.018750
0 0.230469 0.875781 0.045312 0.029687
0 0.535156 0.889062 0.020313 0.028125
0 0.367969 0.875781 0.020313 0.032813
0 0.173437 0.866406 0.031250 0.026562
0 0.121094 0.867969 0.029687 0.026562
0 0.060937 0.861719 0.031250 0.026562
0 0.842969 0.812500 0.023438 0.021875
0 0.967969 0.811719 0.020313 0.026562
0 0.903125 0.810156 0.025000 0.026562
0 0.648438 0.807813 0.025000 0.021875
0 0.773438 0.807031 0.025000 0.023438
0 0.588281 0.803906 0.032813 0.029687
0 0.533594 0.806250 0.026562 0.021875
0 0.714844 0.807813 0.023438 0.028125
0 0.326562 0.803125 0.021875 0.021875
0 0.266406 0.795312 0.029687 0.034375
0 0.403125 0.800000 0.018750 0.025000
0 0.467969 0.799219 0.029687 0.026562
0 0.214062 0.794531 0.028125 0.029687
0 0.089063 0.786719 0.025000 0.026562
0 0.030469 0.785937 0.020313 0.028125
0 0.158594 0.789062 0.042188 0.040625
0 0.644531 0.717187 0.029687 0.028125
0 0.975000 0.723437 0.018750 0.028125
0 0.589063 0.716406 0.025000 0.020313
0 0.907031 0.721875 0.029687 0.034375
0 0.842187 0.720313 0.028125 0.031250
0 0.782031 0.715625 0.026562 0.021875
0 0.715625 0.717969 0.028125 0.026562
0 0.537500 0.713281 0.021875 0.020313
0 0.404687 0.713281 0.028125 0.023438
0 0.471094 0.710938 0.026562 0.028125
0 0.335938 0.710938 0.028125 0.031250
0 0.271875 0.706250 0.025000 0.028125
0 0.224219 0.704688 0.020313 0.025000
0 0.159375 0.703906 0.025000 0.023438
0 0.095312 0.700000 0.028125 0.025000
0 0.039844 0.698438 0.023438 0.025000
0 0.715625 0.632031 0.028125 0.032813
0 0.665625 0.636719 0.028125 0.029687
0 0.908594 0.637500 0.029687 0.025000
0 0.974219 0.636719 0.020313 0.026562
0 0.785156 0.633594 0.026562 0.020313
0 0.852344 0.633594 0.029687 0.026562
0 0.597656 0.630469 0.026562 0.026562
0 0.538281 0.626563 0.023438 0.018750
0 0.475781 0.626563 0.023438 0.025000
0 0.414062 0.625000 0.028125 0.021875
0 0.283594 0.623437 0.023438 0.021875
0 0.223438 0.619531 0.028125 0.023438
0 0.168750 0.620313 0.018750 0.025000
0 0.342969 0.619531 0.023438 0.026562
0 0.110156 0.614062 0.020313 0.025000
0 0.049219 0.608594 0.023438 0.026562
0 0.658594 0.535937 0.023438 0.025000
0 0.603906 0.535937 0.026562 0.031250
0 0.538281 0.531250 0.026562 0.031250
0 0.850781 0.539062 0.026562 0.031250
0 0.353906 0.539062 0.029687 0.025000
0 0.917188 0.542969 0.018750 0.026562
0 0.725781 0.539844 0.020313 0.020313
0 0.422656 0.529687 0.029687 0.031250
0 0.291406 0.535156 0.010937 0.017188
0 0.226562 0.532031 0.018750 0.017188
0 0.173437 0.528125 0.018750 0.015625
0 0.483594 0.526563 0.017188 0.018750
0 0.047656 0.520312 0.020313 0.025000
0 0.109375 0.523438 0.021875 0.025000
0 0.915625 0.463281 0.015625 0.017188
0 0.609375 0.452344 0.021875 0.017188
0 0.541406 0.450781 0.017188 0.017188
0 0.485156 0.448437 0.020313 0.021875
0 0.423438 0.444531 0.031250 0.029687
0 0.175000 0.443750 0.018750 0.025000
0 0.294531 0.441406 0.017188 0.023438
0 0.350781 0.439844 0.017188 0.023438
0 0.920312 0.370312 0.031250 0.025000
0 0.733594 0.364063 0.014063 0.015625
0 0.665625 0.364063 0.012500 0.018750
0 0.856250 0.364063 0.025000 0.021875
0 0.793750 0.358594 0.021875 0.026562
0 0.604688 0.360156 0.015625 0.020313
0 0.481250 0.360938 0.025000 0.021875
0 0.429688 0.360156 0.028125 0.035937
0 0.357812 0.360156 0.021875 0.020313
0 0.538281 0.359375 0.023438 0.021875
0 0.302344 0.356250 0.014063 0.018750
0 0.176563 0.350781 0.015625 0.014063
0 0.239844 0.351562 0.020313 0.018750
0 0.119531 0.349219 0.014063 0.017188
0 0.062500 0.346094 0.021875 0.017188
0 0.613281 0.280469 0.020313 0.017188
0 0.800000 0.275000 0.015625 0.012500
0 0.742188 0.280469 0.025000 0.023438
0 0.927344 0.278125 0.029687 0.021875
0 0.686719 0.282813 0.020313 0.031250
0 0.860156 0.277344 0.026562 0.023438
0 0.314844 0.272656 0.017188 0.017188
0 0.370312 0.271094 0.021875 0.020313
0 0.492188 0.271094 0.018750 0.023438
0 0.432812 0.271875 0.025000 0.025000
0 0.251563 0.267188 0.015625 0.015625
0 0.547656 0.269531 0.035937 0.026562
0 0.135156 0.263281 0.020313 0.017188
0 0.072656 0.257031 0.017188 0.014063
0 0.371875 0.192969 0.034375 0.032813
0 0.935937 0.189844 0.012500 0.017188
0 0.314844 0.177344 0.014063 0.010937
0 0.257812 0.175000 0.028125 0.025000
0 0.495312 0.178906 0.021875 0.017188
0 0.439844 0.182812 0.010937 0.018750
0 0.677344 0.148438 0.023438 0.031250
0 0.852344 0.108594 0.023438 0.029687
0 0.727344 0.106250 0.010937 0.015625
0 0.603125 0.101562 0.015625 0.021875
0 0.536719 0.100000 0.017188 0.018750
0 0.412500 0.090625 0.025000 0.025000
0 0.287500 0.088281 0.025000 0.020313
0 0.475000 0.094531 0.018750 0.020313
0 0.158594 0.074219 0.023438 0.023438
0 0.105469 0.069531 0.029687 0.029687
0 0.977344 0.042969 0.032813 0.026562
0 0.925000 0.032031 0.025000 0.039062
0 0.859375 0.026562 0.021875 0.025000
0 0.793750 0.028906 0.025000 0.032813
0 0.729688 0.013281 0.028125 0.023438
0 0.673438 0.015625 0.034375 0.028125
0 0.604688 0.010156 0.018750 0.017188
0 0.543750 0.007812 0.025000 0.012500
0 0.489063 0.009375 0.031250 0.015625
0 0.414062 0.006250 0.025000 0.009375
0 0.355469 0.006250 0.023438 0.009375
0 0.288281 0.008594 0.026562 0.014063
0 0.793750 0.109375 0.018750 0.028125
0 0.661719 0.113281 0.026562 0.023438
0 0.559375 0.180469 0.028125 0.029687
0 0.073438 0.168750 0.018750 0.028125
0 0.196875 0.171094 0.021875 0.023438
0 0.346875 0.089844 0.021875 0.020313
0 0.914062 0.115625 0.031250 0.028125
0 0.976562 0.367188 0.021875 0.021875