0 0.041406 0.985156 0.023438 0.023438
0 0.296094 0.985156 0.023438 0.026562
0 0.418750 0.978906 0.021875 0.023438
0 0.170313 0.980469 0.025000 0.026562
0 0.096094 0.982031 0.032813 0.029687
0 0.234375 0.979688 0.028125 0.028125
0 0.853125 0.913281 0.015625 0.020313
0 0.793750 0.910937 0.015625 0.018750
0 0.667188 0.906250 0.028125 0.021875
0 0.604688 0.907031 0.018750 0.023438
0 0.728125 0.906250 0.031250 0.025000
0 0.486719 0.898438 0.035937 0.031250
0 0.542969 0.903906 0.020313 0.026562
0 0.421875 0.898438 0.015625 0.018750
0 0.358594 0.893750 0.023438 0.025000
0 0.296094 0.892969 0.020313 0.020313
0 0.102344 0.892969 0.023438 0.020313
0 0.242969 0.889062 0.014063 0.025000
0 0.171094 0.889062 0.023438 0.028125
0 0.035156 0.889062 0.020313 0.028125
0 0.878906 0.835938 0.014063 0.034375
0 0.835938 0.829688 0.018750 0.021875
0 0.770312 0.824219 0.018750 0.023438
0 0.708594 0.819531 0.020313 0.020313
0 0.651563 0.814063 0.018750 0.021875
0 0.525781 0.805469 0.032813 0.032813
0 0.342969 0.812500 0.023438 0.021875
0 0.599219 0.805469 0.026562 0.026562
0 0.467969 0.811719 0.020313 0.026562
0 0.403125 0.810156 0.025000 0.026562
0 0.148438 0.807813 0.025000 0.021875
0 0.273438 0.807031 0.025000 0.023438
0 0.088281 0.803906 0.032813 0.029687
0 0.033594 0.806250 0.026562 0.021875
0 0.214844 0.807813 0.023438 0.028125
0 0.781250 0.732812 0.021875 0.025000
0 0.842969 0.740625 0.020313 0.021875
0 0.719531 0.728906 0.017188 0.020313
0 0.144531 0.717187 0.029687 0.028125
0 0.660937 0.721875 0.028125 0.031250
0 0.600781 0.716406 0.023438 0.026562
0 0.475000 0.723437 0.018750 0.028125
0 0.529687 0.712500 0.028125 0.028125
0 0.089063 0.716406 0.025000 0.020313
0 0.407031 0.721875 0.029687 0.034375
0 0.342187 0.720313 0.028125 0.031250
0 0.282031 0.715625 0.026562 0.021875
0 0.215625 0.717969 0.028125 0.026562
0 0.037500 0.713281 0.021875 0.020313
0 0.782031 0.655469 0.023438 0.026562
0 0.845313 0.652344 0.021875 0.023438
0 0.717187 0.642969 0.021875 0.020313
0 0.599219 0.638281 0.020313 0.017188
0 0.532031 0.632812 0.020313 0.028125
0 0.665625 0.635938 0.015625 0.018750
0 0.215625 0.632031 0.028125 0.032813
0 0.165625 0.636719 0.028125 0.029687
0 0.408594 0.637500 0.029687 0.025000
0 0.474219 0.636719 0.020313 0.026562
0 0.285156 0.633594 0.026562 0.020313
0 0.352344 0.633594 0.029687 0.026562
0 0.097656 0.630469 0.026562 0.026562
0 0.038281 0.626563 0.023438 0.018750
0 0.849219 0.560937 0.020313 0.015625
0 0.789844 0.559375 0.017188 0.018750
0 0.721094 0.555469 0.023438 0.014063
0 0.158594 0.535937 0.023438 0.025000
0 0.103906 0.535937 0.026562 0.031250
0 0.667969 0.542969 0.023438 0.026562
0 0.038281 0.531250 0.026562 0.031250
0 0.350781 0.539062 0.026562 0.031250
0 0.600000 0.540625 0.021875 0.021875
0 0.417187 0.542969 0.018750 0.026562
0 0.225781 0.539844 0.020313 0.020313
0 0.850000 0.475000 0.015625 0.015625
0 0.494531 0.460156 0.023438 0.029687
0 0.415625 0.463281 0.015625 0.017188
0 0.667969 0.460156 0.026562 0.026562
0 0.109375 0.452344 0.021875 0.017188
0 0.606250 0.450781 0.021875 0.026562
0 0.041406 0.450781 0.017188 0.017188
0 0.859375 0.389062 0.012500 0.018750
0 0.790625 0.381250 0.021875 0.018750
0 0.728125 0.375781 0.018750 0.023438
0 0.420312 0.370312 0.031250 0.025000
0 0.604688 0.367969 0.012500 0.020313
0 0.548438 0.360938 0.025000 0.015625
0 0.671875 0.367969 0.015625 0.023438
0 0.233594 0.364063 0.014063 0.015625
0 0.165625 0.364063 0.012500 0.018750
0 0.356250 0.364063 0.025000 0.021875
0 0.293750 0.358594 0.021875 0.026562
0 0.104688 0.360156 0.015625 0.020313
0 0.038281 0.359375 0.023438 0.021875
0 0.803125 0.296875 0.012500 0.012500
0 0.735156 0.290625 0.026562 0.021875
0 0.673438 0.282031 0.015625 0.014063
0 0.491406 0.282813 0.020313 0.021875
0 0.113281 0.280469 0.020313 0.017188
0 0.614062 0.281250 0.025000 0.025000
0 0.300000 0.275000 0.015625 0.012500
0 0.242188 0.280469 0.025000 0.023438
0 0.427344 0.278125 0.029687 0.021875
0 0.186719 0.282813 0.020313 0.031250
0 0.360156 0.277344 0.026562 0.023438
0 0.047656 0.269531 0.035937 0.026562
0 0.435937 0.189844 0.012500 0.017188
0 0.608594 0.191406 0.026562 0.026562
0 0.177344 0.148438 0.023438 0.031250
0 0.851562 0.130469 0.018750 0.017188
0 0.352344 0.108594 0.023438 0.029687
0 0.227344 0.106250 0.010937 0.015625
0 0.103125 0.101562 0.015625 0.021875
0 0.036719 0.100000 0.017188 0.018750
0 0.477344 0.042969 0.032813 0.026562
0 0.854688 0.034375 0.046875 0.021875
0 0.791406 0.035937 0.023438 0.021875
0 0.550000 0.028906 0.034375 0.023438
0 0.641406 0.027344 0.042188 0.020313
0 0.425000 0.032031 0.025000 0.039062
0 0.359375 0.026562 0.021875 0.025000
0 0.293750 0.028906 0.025000 0.032813
0 0.229687 0.013281 0.028125 0.023438
0 0.173437 0.015625 0.034375 0.028125
0 0.104688 0.010156 0.018750 0.017188
0 0.043750 0.007812 0.025000 0.012500
0 0.790625 0.127344 0.037500 0.023438
0 0.293750 0.109375 0.018750 0.028125
0 0.743750 0.193750 0.046875 0.028125
0 0.672656 0.190625 0.026562 0.025000
0 0.869531 0.208594 0.032813 0.023438
0 0.161719 0.113281 0.026562 0.023438
0 0.059375 0.180469 0.028125 0.029687
0 0.414062 0.115625 0.031250 0.028125
0 0.788281 0.464062 0.029687 0.025000
0 0.727344 0.463281 0.026562 0.026562
0 0.476562 0.367188 0.021875 0.021875