0 0.764062 0.960938 0.043750 0.034375
0 0.635938 0.958594 0.031250 0.032813
0 0.941406 0.969531 0.029687 0.026562
0 0.882031 0.963281 0.029687 0.029687
0 0.692187 0.958594 0.037500 0.035937
0 0.574219 0.952344 0.035937 0.032813
0 0.504687 0.949219 0.037500 0.039062
0 0.448437 0.944531 0.034375 0.032813
0 0.381250 0.939063 0.031250 0.025000
0 0.315625 0.938281 0.025000 0.023438
0 0.255469 0.935156 0.020313 0.023438
0 0.193750 0.931250 0.028125 0.034375
0 0.132031 0.928906 0.029687 0.039062
0 0.077344 0.928125 0.023438 0.021875
0 0.014063 0.928125 0.021875 0.021875
0 0.946875 0.882812 0.025000 0.018750
0 0.885938 0.872656 0.034375 0.026562
0 0.704688 0.873437 0.037500 0.037500
0 0.824219 0.871875 0.032813 0.034375
0 0.642188 0.871094 0.034375 0.029687
0 0.762500 0.873437 0.028125 0.025000
0 0.585156 0.860156 0.029687 0.032813
0 0.507812 0.851562 0.034375 0.034375
0 0.446094 0.850781 0.029687 0.035937
0 0.377344 0.843750 0.035937 0.034375
0 0.197656 0.845313 0.029687 0.028125
0 0.321875 0.842187 0.034375 0.028125
0 0.263281 0.842187 0.023438 0.018750
0 0.145313 0.842187 0.034375 0.037500
0 0.082812 0.835938 0.031250 0.028125
0 0.018750 0.832812 0.034375 0.034375
0 0.964063 0.794531 0.034375 0.032813
0 0.893750 0.786719 0.034375 0.035937
0 0.839063 0.782813 0.031250 0.034375
0 0.706250 0.789062 0.021875 0.021875
0 0.649219 0.779687 0.042188 0.043750
0 0.771875 0.776563 0.034375 0.031250
0 0.584375 0.773438 0.034375 0.034375
0 0.518750 0.767188 0.034375 0.037500
0 0.460938 0.767188 0.031250 0.031250
0 0.402344 0.760156 0.026562 0.032813
0 0.272656 0.757812 0.026562 0.031250
0 0.092188 0.750781 0.028125 0.023438
0 0.210156 0.752344 0.032813 0.029687
0 0.335938 0.748437 0.031250 0.031250
0 0.151562 0.752344 0.031250 0.029687
0 0.035937 0.747656 0.037500 0.039062
0 0.962500 0.701562 0.034375 0.028125
0 0.892969 0.697656 0.029687 0.035937
0 0.772656 0.691406 0.035937 0.029687
0 0.712500 0.692969 0.021875 0.023438
0 0.655469 0.689063 0.020313 0.018750
0 0.589063 0.688281 0.025000 0.023438
0 0.525000 0.682813 0.025000 0.021875
0 0.456250 0.682031 0.037500 0.026562
0 0.403906 0.677344 0.026562 0.017188
0 0.339062 0.669531 0.031250 0.035937
0 0.275000 0.664844 0.021875 0.032813
0 0.215625 0.664062 0.034375 0.034375
0 0.154688 0.661719 0.037500 0.032813
0 0.089844 0.660937 0.032813 0.028125
0 0.035937 0.657813 0.028125 0.037500
0 0.963281 0.617969 0.026562 0.020313
0 0.779687 0.600781 0.031250 0.032813
0 0.713281 0.603906 0.023438 0.020313
0 0.652344 0.601562 0.023438 0.015625
0 0.527344 0.593750 0.020313 0.028125
0 0.464062 0.589063 0.025000 0.025000
0 0.407813 0.581250 0.025000 0.021875
0 0.340625 0.584375 0.037500 0.028125
0 0.289844 0.578125 0.032813 0.025000
0 0.097656 0.571875 0.017188 0.015625
0 0.224219 0.576562 0.029687 0.028125
0 0.160938 0.573438 0.031250 0.025000
0 0.035156 0.568750 0.026562 0.025000
0 0.967187 0.519531 0.031250 0.029687
0 0.903125 0.512500 0.025000 0.025000
0 0.837500 0.511719 0.037500 0.039062
0 0.775781 0.513281 0.026562 0.035937
0 0.715625 0.513281 0.028125 0.023438
0 0.649219 0.513281 0.026562 0.029687
0 0.529687 0.501563 0.018750 0.015625
0 0.591406 0.503906 0.023438 0.023438
0 0.467969 0.497656 0.023438 0.017188
0 0.406250 0.494531 0.021875 0.023438
0 0.283594 0.491406 0.023438 0.023438
0 0.221094 0.489063 0.029687 0.025000
0 0.343750 0.488281 0.025000 0.026562
0 0.157812 0.484375 0.025000 0.018750
0 0.103125 0.485938 0.025000 0.028125
0 0.036719 0.480469 0.032813 0.029687
0 0.970313 0.433594 0.043750 0.032813
0 0.843750 0.428125 0.028125 0.034375
0 0.777344 0.425000 0.032813 0.028125
0 0.717969 0.425000 0.026562 0.018750
0 0.656250 0.423438 0.025000 0.021875
0 0.598437 0.419531 0.021875 0.020313
0 0.539844 0.413281 0.029687 0.032813
0 0.475781 0.408594 0.023438 0.029687
0 0.418750 0.403906 0.040625 0.026562
0 0.357031 0.402344 0.023438 0.026562
0 0.296875 0.401562 0.025000 0.025000
0 0.110156 0.391406 0.032813 0.029687
0 0.232031 0.399219 0.029687 0.026562
0 0.169531 0.395313 0.029687 0.028125
0 0.051562 0.393750 0.025000 0.025000
0 0.852344 0.342187 0.032813 0.031250
0 0.968750 0.341406 0.028125 0.017188
0 0.911719 0.341406 0.032813 0.039062
0 0.724219 0.335156 0.029687 0.032813
0 0.603906 0.332031 0.020313 0.020313
0 0.543750 0.324219 0.025000 0.023438
0 0.481250 0.320312 0.037500 0.034375
0 0.366406 0.311719 0.035937 0.032813
0 0.417187 0.312500 0.040625 0.040625
0 0.235937 0.310156 0.028125 0.017188
0 0.303125 0.311719 0.025000 0.023438
0 0.176563 0.307031 0.028125 0.023438
0 0.115625 0.306250 0.025000 0.025000
0 0.057813 0.305469 0.025000 0.023438
0 0.961719 0.247656 0.029687 0.020313
0 0.839844 0.250000 0.026562 0.025000
0 0.770312 0.251563 0.031250 0.028125
0 0.707031 0.250000 0.023438 0.025000
0 0.646094 0.247656 0.023438 0.020313
0 0.517188 0.246875 0.021875 0.018750
0 0.582812 0.246094 0.021875 0.020313
0 0.903906 0.243750 0.023438 0.018750
0 0.456250 0.244531 0.034375 0.026562
0 0.396094 0.238281 0.035937 0.035937
0 0.333594 0.235156 0.039062 0.035937
0 0.265625 0.225781 0.025000 0.020313
0 0.206250 0.225000 0.025000 0.025000
0 0.082812 0.215625 0.031250 0.028125
0 0.146094 0.219531 0.023438 0.020313
0 0.029687 0.216406 0.021875 0.023438
0 0.963281 0.160156 0.023438 0.020313
0 0.904687 0.160156 0.018750 0.020313
0 0.771875 0.162500 0.031250 0.028125
0 0.841406 0.159375 0.029687 0.028125
0 0.587500 0.158594 0.028125 0.026562
0 0.712500 0.159375 0.028125 0.031250
0 0.650000 0.157031 0.028125 0.026562
0 0.523438 0.157812 0.031250 0.028125
0 0.463281 0.153906 0.026562 0.029687
0 0.407031 0.144531 0.035937 0.032813
0 0.338281 0.140625 0.020313 0.021875
0 0.274219 0.137500 0.026562 0.025000
0 0.151562 0.133594 0.021875 0.017188
0 0.213281 0.134375 0.029687 0.028125
0 0.089844 0.127344 0.020313 0.020313
0 0.038281 0.122656 0.026562 0.026562
0 0.912500 0.069531 0.018750 0.020313
0 0.784375 0.072656 0.028125 0.026562
0 0.719531 0.071875 0.023438 0.025000
0 0.657031 0.069531 0.026562 0.023438
0 0.968750 0.067187 0.018750 0.021875
0 0.849219 0.069531 0.023438 0.026562
0 0.531250 0.069531 0.034375 0.026562
0 0.596875 0.065625 0.031250 0.025000
0 0.472656 0.064844 0.026562 0.023438
0 0.412500 0.056250 0.028125 0.025000
0 0.349219 0.056250 0.029687 0.028125
0 0.278125 0.041406 0.021875 0.032813
0 0.222656 0.046094 0.020313 0.026562
0 0.096094 0.039062 0.023438 0.025000
0 0.155469 0.042188 0.023438 0.018750
0 0.042188 0.038281 0.018750 0.017188
0 0.667188 0.335156 0.040625 0.032813
0 0.592187 0.596875 0.037500 0.031250
0 0.909375 0.432812 0.037500 0.034375
0 0.892188 0.608594 0.031250 0.032813
0 0.820312 0.961719 0.040625 0.029687
0 0.793750 0.343750 0.046875 0.040625