0 0.353125 0.913281 0.015625 0.020313
0 0.293750 0.910937 0.015625 0.018750
0 0.167187 0.906250 0.028125 0.021875
0 0.104688 0.907031 0.018750 0.023438
0 0.228125 0.906250 0.031250 0.025000
0 0.042969 0.903906 0.020313 0.026562
0 0.378906 0.835938 0.014063 0.034375
0 0.335938 0.829688 0.018750 0.021875
0 0.270313 0.824219 0.018750 0.023438
0 0.208594 0.819531 0.020313 0.020313
0 0.151562 0.814063 0.018750 0.021875
0 0.025781 0.805469 0.032813 0.032813
0 0.099219 0.805469 0.026562 0.026562
0 0.281250 0.732812 0.021875 0.025000
0 0.342969 0.740625 0.020313 0.021875
0 0.219531 0.728906 0.017188 0.020313
0 0.160938 0.721875 0.028125 0.031250
0 0.100781 0.716406 0.023438 0.026562
0 0.029687 0.712500 0.028125 0.028125
0 0.282031 0.655469 0.023438 0.026562
0 0.345313 0.652344 0.021875 0.023438
0 0.217188 0.642969 0.021875 0.020313
0 0.099219 0.638281 0.020313 0.017188
0 0.032031 0.632812 0.020313 0.028125
0 0.165625 0.635938 0.015625 0.018750
0 0.349219 0.560937 0.020313 0.015625
0 0.289844 0.559375 0.017188 0.018750
0 0.221094 0.555469 0.023438 0.014063
0 0.167969 0.542969 0.023438 0.026562
0 0.100000 0.540625 0.021875 0.021875
0 0.350000 0.475000 0.015625 0.015625
0 0.167969 0.460156 0.026562 0.026562
0 0.106250 0.450781 0.021875 0.026562
0 0.359375 0.389062 0.012500 0.018750
0 0.290625 0.381250 0.021875 0.018750
0 0.228125 0.375781 0.018750 0.023438
0 0.104688 0.367969 0.012500 0.020313
0 0.048438 0.360938 0.025000 0.015625
0 0.171875 0.367969 0.015625 0.023438
0 0.303125 0.296875 0.012500 0.012500
0 0.235156 0.290625 0.026562 0.021875
0 0.173437 0.282031 0.015625 0.014063
0 0.114062 0.281250 0.025000 0.025000
0 0.108594 0.191406 0.026562 0.026562
0 0.351562 0.130469 0.018750 0.017188
0 0.354687 0.034375 0.046875 0.021875
0 0.291406 0.035937 0.023438 0.021875
0 0.050000 0.028906 0.034375 0.023438
0 0.141406 0.027344 0.042188 0.020313
0 0.290625 0.127344 0.037500 0.023438
0 0.243750 0.193750 0.046875 0.028125
0 0.172656 0.190625 0.026562 0.025000
0 0.369531 0.208594 0.032813 0.023438
0 0.288281 0.464062 0.029687 0.025000
0 0.227344 0.463281 0.026562 0.026562