0 0.963281 0.987500 0.020313 0.021875
0 0.905469 0.985156 0.026562 0.023438
0 0.835156 0.981250 0.023438 0.018750
0 0.642969 0.980469 0.020313 0.020313
0 0.772656 0.976562 0.023438 0.021875
0 0.708594 0.977344 0.026562 0.026562
0 0.578125 0.971875 0.025000 0.021875
0 0.459375 0.971875 0.018750 0.021875
0 0.346094 0.969531 0.023438 0.023438
0 0.279687 0.970313 0.028125 0.025000
0 0.516406 0.965625 0.017188 0.018750
0 0.401562 0.970313 0.021875 0.028125
0 0.217969 0.960156 0.010937 0.020313
0 0.149219 0.958594 0.020313 0.023438
0 0.084375 0.951562 0.031250 0.028125
0 0.959375 0.895312 0.025000 0.028125
0 0.900781 0.894531 0.029687 0.026562
0 0.839063 0.887500 0.031250 0.025000
0 0.773438 0.884375 0.028125 0.025000
0 0.648438 0.879687 0.028125 0.031250
0 0.282031 0.879687 0.029687 0.021875
0 0.353906 0.880469 0.032813 0.026562
0 0.715625 0.882812 0.031250 0.034375
0 0.465625 0.877344 0.031250 0.023438
0 0.524219 0.876563 0.039062 0.025000
0 0.403125 0.878906 0.031250 0.029687
0 0.217969 0.868750 0.029687 0.021875
0 0.582812 0.873437 0.031250 0.037500
0 0.155469 0.865625 0.032813 0.025000
0 0.091406 0.863281 0.026562 0.020313
0 0.032813 0.860938 0.025000 0.025000
0 0.967187 0.807813 0.031250 0.025000
0 0.908594 0.805469 0.023438 0.023438
0 0.855469 0.801562 0.020313 0.018750
0 0.723437 0.801562 0.025000 0.025000
0 0.790625 0.798438 0.025000 0.021875
0 0.594531 0.790625 0.023438 0.025000
0 0.414062 0.796875 0.034375 0.028125
0 0.657813 0.793750 0.021875 0.025000
0 0.354687 0.795312 0.025000 0.028125
0 0.535937 0.787500 0.028125 0.021875
0 0.291406 0.791406 0.026562 0.035937
0 0.095312 0.777344 0.031250 0.020313
0 0.160938 0.776563 0.015625 0.025000
0 0.220312 0.777344 0.031250 0.029687
0 0.039062 0.771094 0.025000 0.023438
0 0.476562 0.788281 0.021875 0.026562
0 0.858594 0.714844 0.026562 0.020313
0 0.917188 0.714844 0.040625 0.026562
0 0.791406 0.711719 0.035937 0.026562
0 0.724219 0.709375 0.026562 0.025000
0 0.598437 0.704688 0.025000 0.021875
0 0.667188 0.707031 0.021875 0.029687
0 0.419531 0.703125 0.023438 0.021875
0 0.355469 0.703125 0.026562 0.025000
0 0.478906 0.698438 0.023438 0.021875
0 0.535156 0.696875 0.032813 0.025000
0 0.292969 0.698438 0.032813 0.028125
0 0.228906 0.694531 0.020313 0.020313
0 0.165625 0.693750 0.031250 0.021875
0 0.104688 0.684375 0.025000 0.018750
0 0.041406 0.677344 0.029687 0.026562
0 0.981250 0.631250 0.025000 0.021875
0 0.918750 0.625781 0.021875 0.023438
0 0.721875 0.621875 0.021875 0.015625
0 0.660156 0.616406 0.026562 0.032813
0 0.795312 0.617188 0.025000 0.025000
0 0.348438 0.611719 0.018750 0.014063
0 0.859375 0.611719 0.018750 0.017188
0 0.421875 0.613281 0.021875 0.023438
0 0.540625 0.610156 0.028125 0.020313
0 0.296875 0.611719 0.028125 0.023438
0 0.605469 0.611719 0.035937 0.026562
0 0.483594 0.607812 0.023438 0.025000
0 0.231250 0.601562 0.018750 0.018750
0 0.166406 0.598437 0.023438 0.018750
0 0.106250 0.596094 0.021875 0.017188
0 0.050781 0.589063 0.020313 0.021875
0 0.982812 0.542188 0.025000 0.031250
0 0.921094 0.540625 0.023438 0.028125
0 0.860156 0.535156 0.026562 0.023438
0 0.728906 0.532813 0.026562 0.018750
0 0.794531 0.531250 0.020313 0.018750
0 0.674219 0.531250 0.026562 0.021875
0 0.480469 0.522656 0.020313 0.029687
0 0.610938 0.524219 0.031250 0.026562
0 0.420312 0.522656 0.021875 0.026562
0 0.358594 0.524219 0.020313 0.029687
0 0.295312 0.520312 0.028125 0.025000
0 0.554688 0.518750 0.018750 0.028125
0 0.170313 0.510938 0.021875 0.021875
0 0.232813 0.513281 0.028125 0.029687
0 0.111719 0.502344 0.026562 0.026562
0 0.054688 0.496094 0.018750 0.026562
0 0.935937 0.452344 0.025000 0.032813
0 0.739062 0.447656 0.021875 0.023438
0 0.874219 0.446094 0.023438 0.023438
0 0.807813 0.442969 0.021875 0.026562
0 0.678906 0.441406 0.026562 0.026562
0 0.365625 0.439844 0.034375 0.026562
0 0.616406 0.435156 0.029687 0.020313
0 0.496094 0.433594 0.026562 0.026562
0 0.302344 0.432812 0.032813 0.025000
0 0.558594 0.432812 0.032813 0.028125
0 0.428906 0.433594 0.020313 0.020313
0 0.243750 0.424219 0.028125 0.026562
0 0.178906 0.422656 0.020313 0.026562
0 0.009375 0.417969 0.015625 0.020313
0 0.123438 0.416406 0.018750 0.023438
0 0.062500 0.415625 0.031250 0.025000
0 0.871875 0.358594 0.018750 0.020313
0 0.928125 0.362500 0.031250 0.031250
0 0.068750 0.339062 0.034375 0.028125
0 0.813281 0.354687 0.023438 0.025000
0 0.746875 0.354687 0.025000 0.025000
0 0.683594 0.355469 0.020313 0.026562
0 0.375000 0.345313 0.018750 0.015625
0 0.620313 0.345313 0.018750 0.025000
0 0.563281 0.345313 0.029687 0.028125
0 0.435937 0.346875 0.018750 0.031250
0 0.301563 0.339844 0.028125 0.023438
0 0.500781 0.342187 0.026562 0.031250
0 0.250000 0.332813 0.025000 0.018750
0 0.015625 0.332813 0.028125 0.018750
0 0.183594 0.332031 0.032813 0.023438
0 0.130469 0.330469 0.032813 0.023438
0 0.965625 0.282813 0.031250 0.025000
0 0.904687 0.278906 0.031250 0.023438
0 0.847656 0.278906 0.032813 0.023438
0 0.783594 0.271875 0.023438 0.021875
0 0.734375 0.264844 0.037500 0.023438
0 0.110937 0.261719 0.021875 0.023438
0 0.617188 0.260156 0.025000 0.023438
0 0.175000 0.261719 0.028125 0.026562
0 0.553906 0.257031 0.029687 0.023438
0 0.420312 0.256250 0.028125 0.021875
0 0.350000 0.254688 0.034375 0.021875
0 0.303906 0.256250 0.029687 0.025000
0 0.487500 0.254688 0.028125 0.025000
0 0.242188 0.253906 0.028125 0.023438
0 0.047656 0.250781 0.026562 0.029687
0 0.978125 0.194531 0.025000 0.023438
0 0.908594 0.188281 0.017188 0.023438
0 0.851562 0.186719 0.018750 0.020313
0 0.796875 0.182031 0.025000 0.023438
0 0.730469 0.170313 0.026562 0.021875
0 0.678125 0.167969 0.025000 0.023438
0 0.552344 0.170313 0.023438 0.021875
0 0.424219 0.172656 0.023438 0.026562
0 0.360156 0.174219 0.020313 0.029687
0 0.113281 0.170313 0.023438 0.021875
0 0.174219 0.170313 0.026562 0.025000
0 0.236719 0.168750 0.026562 0.028125
0 0.616406 0.167187 0.023438 0.028125
0 0.050781 0.163281 0.023438 0.020313
0 0.491406 0.164062 0.026562 0.034375
0 0.297656 0.160938 0.023438 0.031250
0 0.984375 0.108594 0.025000 0.017188
0 0.860156 0.102344 0.023438 0.017188
0 0.803125 0.102344 0.021875 0.017188
0 0.922656 0.102344 0.023438 0.020313
0 0.734375 0.090625 0.025000 0.025000
0 0.679688 0.085938 0.018750 0.018750
0 0.248438 0.085156 0.021875 0.020313
0 0.621875 0.083594 0.021875 0.023438
0 0.493750 0.081250 0.018750 0.018750
0 0.186719 0.082812 0.020313 0.021875
0 0.128125 0.082812 0.021875 0.025000
0 0.371094 0.081250 0.020313 0.025000
0 0.428906 0.078125 0.026562 0.021875
0 0.560937 0.075781 0.021875 0.020313
0 0.063281 0.074219 0.017188 0.017188
0 0.308594 0.078125 0.020313 0.028125
0 0.007031 0.071875 0.010937 0.018750
0 0.985156 0.014063 0.023438 0.021875
0 0.975781 0.722656 0.032813 0.029687
0 0.024219 0.951562 0.020313 0.021875