0 0.518750 0.985938 0.028125 0.018750
0 0.463281 0.987500 0.020313 0.021875
0 0.405469 0.985156 0.026562 0.023438
0 0.335156 0.981250 0.023438 0.018750
0 0.142969 0.980469 0.020313 0.020313
0 0.272656 0.976562 0.023438 0.021875
0 0.208594 0.977344 0.026562 0.026562
0 0.078125 0.971875 0.025000 0.021875
0 0.016406 0.965625 0.017188 0.018750
0 0.957031 0.924219 0.026562 0.017188
0 0.895312 0.914844 0.025000 0.023438
0 0.764062 0.907813 0.034375 0.021875
0 0.838281 0.904687 0.029687 0.025000
0 0.646875 0.903906 0.025000 0.032813
0 0.521875 0.899219 0.031250 0.023438
0 0.703125 0.900781 0.028125 0.032813
0 0.585156 0.892969 0.023438 0.023438
0 0.459375 0.895312 0.025000 0.028125
0 0.400781 0.894531 0.029687 0.026562
0 0.339062 0.887500 0.031250 0.025000
0 0.273438 0.884375 0.028125 0.025000
0 0.148438 0.879687 0.028125 0.031250
0 0.215625 0.882812 0.031250 0.034375
0 0.024219 0.876563 0.039062 0.025000
0 0.082812 0.873437 0.031250 0.037500
0 0.961719 0.840625 0.026562 0.021875
0 0.905469 0.831250 0.023438 0.021875
0 0.841406 0.821094 0.017188 0.020313
0 0.774219 0.818750 0.029687 0.021875
0 0.714063 0.817187 0.028125 0.021875
0 0.655469 0.817969 0.026562 0.026562
0 0.591406 0.814844 0.026562 0.026562
0 0.467187 0.807813 0.031250 0.025000
0 0.532813 0.806250 0.028125 0.025000
0 0.408594 0.805469 0.023438 0.023438
0 0.355469 0.801562 0.020313 0.018750
0 0.223438 0.801562 0.025000 0.025000
0 0.290625 0.798438 0.025000 0.021875
0 0.094531 0.790625 0.023438 0.025000
0 0.157812 0.793750 0.021875 0.025000
0 0.035937 0.787500 0.028125 0.021875
0 0.969531 0.746094 0.026562 0.023438
0 0.916406 0.740625 0.026562 0.021875
0 0.841406 0.733594 0.023438 0.026562
0 0.778125 0.730469 0.025000 0.029687
0 0.717969 0.728906 0.026562 0.026562
0 0.659375 0.728125 0.028125 0.028125
0 0.596094 0.723437 0.032813 0.028125
0 0.539844 0.718750 0.032813 0.028125
0 0.358594 0.714844 0.026562 0.020313
0 0.417187 0.714844 0.040625 0.026562
0 0.291406 0.711719 0.035937 0.026562
0 0.224219 0.709375 0.026562 0.025000
0 0.098437 0.704688 0.025000 0.021875
0 0.167187 0.707031 0.021875 0.029687
0 0.035156 0.696875 0.032813 0.025000
0 0.969531 0.657813 0.020313 0.018750
0 0.908594 0.645312 0.029687 0.018750
0 0.715625 0.643750 0.025000 0.025000
0 0.847656 0.637500 0.023438 0.021875
0 0.660156 0.639844 0.026562 0.026562
0 0.596875 0.636719 0.025000 0.026562
0 0.540625 0.632031 0.028125 0.023438
0 0.481250 0.631250 0.025000 0.021875
0 0.418750 0.625781 0.021875 0.023438
0 0.221875 0.621875 0.021875 0.015625
0 0.778125 0.639062 0.031250 0.025000
0 0.160156 0.616406 0.026562 0.032813
0 0.295312 0.617188 0.025000 0.025000
0 0.359375 0.611719 0.018750 0.017188
0 0.040625 0.610156 0.028125 0.020313
0 0.105469 0.611719 0.035937 0.026562
0 0.970313 0.566406 0.028125 0.026562
0 0.915625 0.557813 0.018750 0.025000
0 0.786719 0.556250 0.023438 0.034375
0 0.721875 0.553125 0.021875 0.028125
0 0.853906 0.548438 0.023438 0.021875
0 0.666406 0.550781 0.020313 0.026562
0 0.603906 0.545312 0.023438 0.021875
0 0.542188 0.539844 0.021875 0.026562
0 0.482812 0.542188 0.025000 0.031250
0 0.421094 0.540625 0.023438 0.028125
0 0.360156 0.535156 0.026562 0.023438
0 0.228906 0.532813 0.026562 0.018750
0 0.294531 0.531250 0.020313 0.018750
0 0.174219 0.531250 0.026562 0.021875
0 0.110937 0.524219 0.031250 0.026562
0 0.054688 0.518750 0.018750 0.028125
0 0.978125 0.481250 0.025000 0.031250
0 0.925781 0.473438 0.029687 0.031250
0 0.675781 0.466406 0.026562 0.029687
0 0.863281 0.461719 0.023438 0.023438
0 0.796875 0.462500 0.028125 0.025000
0 0.730469 0.460938 0.023438 0.025000
0 0.613281 0.457031 0.029687 0.026562
0 0.551562 0.453906 0.031250 0.026562
0 0.492969 0.450781 0.026562 0.023438
0 0.435937 0.452344 0.025000 0.032813
0 0.239063 0.447656 0.021875 0.023438
0 0.374219 0.446094 0.023438 0.023438
0 0.307812 0.442969 0.021875 0.026562
0 0.178906 0.441406 0.026562 0.026562
0 0.116406 0.435156 0.029687 0.020313
0 0.058594 0.432812 0.032813 0.028125
0 0.978125 0.391406 0.025000 0.023438
0 0.927344 0.377344 0.023438 0.026562
0 0.800000 0.375000 0.031250 0.018750
0 0.730469 0.375781 0.045312 0.029687
0 0.867969 0.375781 0.020313 0.032813
0 0.673438 0.366406 0.031250 0.026562
0 0.621094 0.367969 0.029687 0.026562
0 0.492969 0.362500 0.020313 0.021875
0 0.560937 0.361719 0.031250 0.026562
0 0.371875 0.358594 0.018750 0.020313
0 0.428125 0.362500 0.031250 0.031250
0 0.313281 0.354687 0.023438 0.025000
0 0.246875 0.354687 0.025000 0.025000
0 0.183594 0.355469 0.020313 0.026562
0 0.120313 0.345313 0.018750 0.025000
0 0.063281 0.345313 0.029687 0.028125
0 0.826562 0.303125 0.021875 0.021875
0 0.766406 0.295312 0.029687 0.034375
0 0.903125 0.300000 0.018750 0.025000
0 0.967969 0.299219 0.029687 0.026562
0 0.714063 0.294531 0.028125 0.029687
0 0.589063 0.286719 0.025000 0.026562
0 0.530469 0.285938 0.020313 0.028125
0 0.465625 0.282813 0.031250 0.025000
0 0.404687 0.278906 0.031250 0.023438
0 0.347656 0.278906 0.032813 0.023438
0 0.283594 0.271875 0.023438 0.021875
0 0.234375 0.264844 0.037500 0.023438
0 0.117188 0.260156 0.025000 0.023438
0 0.658594 0.289062 0.042188 0.040625
0 0.053906 0.257031 0.029687 0.023438
0 0.904687 0.213281 0.028125 0.023438
0 0.971094 0.210938 0.026562 0.028125
0 0.835938 0.210938 0.028125 0.031250
0 0.771875 0.206250 0.025000 0.028125
0 0.724219 0.204687 0.020313 0.025000
0 0.659375 0.203906 0.025000 0.023438
0 0.595313 0.200000 0.028125 0.025000
0 0.539844 0.198437 0.023438 0.025000
0 0.478125 0.194531 0.025000 0.023438
0 0.408594 0.188281 0.017188 0.023438
0 0.351562 0.186719 0.018750 0.020313
0 0.296875 0.182031 0.025000 0.023438
0 0.230469 0.170313 0.026562 0.021875
0 0.178125 0.167969 0.025000 0.023438
0 0.052344 0.170313 0.023438 0.021875
0 0.116406 0.167187 0.023438 0.028125
0 0.975781 0.126562 0.023438 0.025000
0 0.914062 0.125000 0.028125 0.021875
0 0.783594 0.123438 0.023438 0.021875
0 0.723437 0.119531 0.028125 0.023438
0 0.668750 0.120313 0.018750 0.025000
0 0.842969 0.119531 0.023438 0.026562
0 0.610156 0.114062 0.020313 0.025000
0 0.484375 0.108594 0.025000 0.017188
0 0.549219 0.108594 0.023438 0.026562
0 0.360156 0.102344 0.023438 0.017188
0 0.303125 0.102344 0.021875 0.017188
0 0.422656 0.102344 0.023438 0.020313
0 0.234375 0.090625 0.025000 0.025000
0 0.179688 0.085938 0.018750 0.018750
0 0.121875 0.083594 0.021875 0.023438
0 0.060937 0.075781 0.021875 0.020313
0 0.853906 0.039062 0.029687 0.025000
0 0.922656 0.029687 0.029687 0.031250
0 0.791406 0.035156 0.010937 0.017188
0 0.726562 0.032031 0.018750 0.017188
0 0.673438 0.028125 0.018750 0.015625
0 0.983594 0.026562 0.017188 0.018750
0 0.547656 0.020313 0.020313 0.025000
0 0.609375 0.023438 0.021875 0.025000
0 0.485156 0.014063 0.023438 0.021875
0 0.475781 0.722656 0.032813 0.029687