0 0.018750 0.985938 0.028125 0.018750
0 0.946875 0.928125 0.021875 0.028125
0 0.519531 0.928125 0.023438 0.018750
0 0.884375 0.929688 0.021875 0.028125
0 0.824219 0.928125 0.026562 0.025000
0 0.578125 0.929688 0.031250 0.028125
0 0.457031 0.924219 0.026562 0.017188
0 0.758594 0.927344 0.026562 0.029687
0 0.697656 0.920312 0.023438 0.025000
0 0.395313 0.914844 0.025000 0.023438
0 0.264062 0.907813 0.034375 0.021875
0 0.338281 0.904687 0.029687 0.025000
0 0.146875 0.903906 0.025000 0.032813
0 0.021875 0.899219 0.031250 0.023438
0 0.203125 0.900781 0.028125 0.032813
0 0.085156 0.892969 0.023438 0.023438
0 0.960938 0.848437 0.025000 0.021875
0 0.900781 0.842969 0.029687 0.026562
0 0.530469 0.840625 0.023438 0.021875
0 0.461719 0.840625 0.026562 0.021875
0 0.834375 0.839063 0.028125 0.025000
0 0.770312 0.839844 0.021875 0.029687
0 0.707812 0.833594 0.021875 0.023438
0 0.644531 0.832812 0.026562 0.025000
0 0.405469 0.831250 0.023438 0.021875
0 0.341406 0.821094 0.017188 0.020313
0 0.274219 0.818750 0.029687 0.021875
0 0.214062 0.817187 0.028125 0.021875
0 0.155469 0.817969 0.026562 0.026562
0 0.091406 0.814844 0.026562 0.026562
0 0.032813 0.806250 0.028125 0.025000
0 0.964844 0.760938 0.026562 0.021875
0 0.903906 0.754687 0.029687 0.021875
0 0.840625 0.752344 0.021875 0.020313
0 0.774219 0.751563 0.029687 0.028125
0 0.653125 0.746875 0.021875 0.021875
0 0.526563 0.749219 0.031250 0.026562
0 0.711719 0.746094 0.032813 0.026562
0 0.469531 0.746094 0.026562 0.023438
0 0.590625 0.747656 0.025000 0.035937
0 0.416406 0.740625 0.026562 0.021875
0 0.341406 0.733594 0.023438 0.026562
0 0.278125 0.730469 0.025000 0.029687
0 0.217969 0.728906 0.026562 0.026562
0 0.159375 0.728125 0.028125 0.028125
0 0.096094 0.723437 0.032813 0.028125
0 0.039844 0.718750 0.032813 0.028125
0 0.531250 0.661719 0.021875 0.023438
0 0.964063 0.665625 0.025000 0.018750
0 0.902344 0.662500 0.029687 0.028125
0 0.835938 0.660156 0.021875 0.023438
0 0.469531 0.657813 0.020313 0.018750
0 0.587500 0.660156 0.018750 0.029687
0 0.785156 0.656250 0.026562 0.025000
0 0.715625 0.655469 0.028125 0.026562
0 0.654687 0.652344 0.028125 0.029687
0 0.408594 0.645312 0.029687 0.018750
0 0.215625 0.643750 0.025000 0.025000
0 0.347656 0.637500 0.023438 0.021875
0 0.160156 0.639844 0.026562 0.026562
0 0.096875 0.636719 0.025000 0.026562
0 0.040625 0.632031 0.028125 0.023438
0 0.278125 0.639062 0.031250 0.025000
0 0.973437 0.578906 0.018750 0.020313
0 0.902344 0.575781 0.026562 0.029687
0 0.528906 0.573438 0.023438 0.025000
0 0.659375 0.567969 0.025000 0.023438
0 0.589063 0.569531 0.021875 0.026562
0 0.846094 0.568750 0.023438 0.028125
0 0.785937 0.567187 0.021875 0.025000
0 0.470313 0.566406 0.028125 0.026562
0 0.720313 0.564844 0.028125 0.029687
0 0.415625 0.557813 0.018750 0.025000
0 0.286719 0.556250 0.023438 0.034375
0 0.221875 0.553125 0.021875 0.028125
0 0.353906 0.548438 0.023438 0.021875
0 0.166406 0.550781 0.020313 0.026562
0 0.103906 0.545312 0.023438 0.021875
0 0.042188 0.539844 0.021875 0.026562
0 0.858594 0.486719 0.017188 0.026562
0 0.541406 0.485156 0.023438 0.023438
0 0.796094 0.485156 0.023438 0.026562
0 0.918750 0.478906 0.021875 0.023438
0 0.670312 0.480469 0.025000 0.026562
0 0.596094 0.482031 0.032813 0.029687
0 0.734375 0.479687 0.028125 0.028125
0 0.478125 0.481250 0.025000 0.031250
0 0.425781 0.473438 0.029687 0.031250
0 0.175781 0.466406 0.026562 0.029687
0 0.363281 0.461719 0.023438 0.023438
0 0.296875 0.462500 0.028125 0.025000
0 0.230469 0.460938 0.023438 0.025000
0 0.113281 0.457031 0.029687 0.026562
0 0.051562 0.453906 0.031250 0.026562
0 0.921875 0.398438 0.015625 0.018750
0 0.858594 0.393750 0.023438 0.025000
0 0.478125 0.391406 0.025000 0.023438
0 0.796094 0.392969 0.020313 0.020313
0 0.602344 0.392969 0.023438 0.020313
0 0.742969 0.389062 0.014063 0.025000
0 0.671094 0.389062 0.023438 0.028125
0 0.427344 0.377344 0.023438 0.026562
0 0.300000 0.375000 0.031250 0.018750
0 0.230469 0.375781 0.045312 0.029687
0 0.535156 0.389062 0.020313 0.028125
0 0.367969 0.375781 0.020313 0.032813
0 0.173437 0.366406 0.031250 0.026562
0 0.121094 0.367969 0.029687 0.026562
0 0.060937 0.361719 0.031250 0.026562
0 0.842969 0.312500 0.023438 0.021875
0 0.967969 0.311719 0.020313 0.026562
0 0.903125 0.310156 0.025000 0.026562
0 0.648438 0.307812 0.025000 0.021875
0 0.773438 0.307031 0.025000 0.023438
0 0.588281 0.303906 0.032813 0.029687
0 0.533594 0.306250 0.026562 0.021875
0 0.714844 0.307812 0.023438 0.028125
0 0.326562 0.303125 0.021875 0.021875
0 0.266406 0.295312 0.029687 0.034375
0 0.403125 0.300000 0.018750 0.025000
0 0.467969 0.299219 0.029687 0.026562
0 0.214062 0.294531 0.028125 0.029687
0 0.089063 0.286719 0.025000 0.026562
0 0.030469 0.285938 0.020313 0.028125
0 0.158594 0.289062 0.042188 0.040625
0 0.644531 0.217188 0.029687 0.028125
0 0.975000 0.223438 0.018750 0.028125
0 0.589063 0.216406 0.025000 0.020313
0 0.907031 0.221875 0.029687 0.034375
0 0.842187 0.220312 0.028125 0.031250
0 0.782031 0.215625 0.026562 0.021875
0 0.715625 0.217969 0.028125 0.026562
0 0.537500 0.213281 0.021875 0.020313
0 0.404687 0.213281 0.028125 0.023438
0 0.471094 0.210938 0.026562 0.028125
0 0.335938 0.210938 0.028125 0.031250
0 0.271875 0.206250 0.025000 0.028125
0 0.224219 0.204687 0.020313 0.025000
0 0.159375 0.203906 0.025000 0.023438
0 0.095312 0.200000 0.028125 0.025000
0 0.039844 0.198437 0.023438 0.025000
0 0.715625 0.132031 0.028125 0.032813
0 0.665625 0.136719 0.028125 0.029687
0 0.908594 0.137500 0.029687 0.025000
0 0.974219 0.136719 0.020313 0.026562
0 0.785156 0.133594 0.026562 0.020313
0 0.852344 0.133594 0.029687 0.026562
0 0.597656 0.130469 0.026562 0.026562
0 0.538281 0.126562 0.023438 0.018750
0 0.475781 0.126562 0.023438 0.025000
0 0.414062 0.125000 0.028125 0.021875
0 0.283594 0.123438 0.023438 0.021875
0 0.223438 0.119531 0.028125 0.023438
0 0.168750 0.120313 0.018750 0.025000
0 0.342969 0.119531 0.023438 0.026562
0 0.110156 0.114062 0.020313 0.025000
0 0.049219 0.108594 0.023438 0.026562
0 0.658594 0.035937 0.023438 0.025000
0 0.603906 0.035937 0.026562 0.031250
0 0.538281 0.031250 0.026562 0.031250
0 0.850781 0.039062 0.026562 0.031250
0 0.353906 0.039062 0.029687 0.025000
0 0.917188 0.042969 0.018750 0.026562
0 0.725781 0.039844 0.020313 0.020313
0 0.422656 0.029687 0.029687 0.031250
0 0.291406 0.035156 0.010937 0.017188
0 0.226562 0.032031 0.018750 0.017188
0 0.173437 0.028125 0.018750 0.015625
0 0.483594 0.026562 0.017188 0.018750
0 0.047656 0.020313 0.020313 0.025000
0 0.109375 0.023438 0.021875 0.025000