0 0.814844 0.950000 0.014063 0.018750
0 0.875781 0.947656 0.020313 0.023438
0 0.628125 0.940625 0.025000 0.018750
0 0.691406 0.942187 0.026562 0.025000
0 0.506250 0.941406 0.018750 0.023438
0 0.753906 0.940625 0.023438 0.025000
0 0.565625 0.936719 0.021875 0.026562
0 0.446875 0.928125 0.021875 0.028125
0 0.019531 0.928125 0.023438 0.018750
0 0.384375 0.929688 0.021875 0.028125
0 0.324219 0.928125 0.026562 0.025000
0 0.078125 0.929688 0.031250 0.028125
0 0.258594 0.927344 0.026562 0.029687
0 0.197656 0.920312 0.023438 0.025000
0 0.830469 0.863281 0.017188 0.023438
0 0.878906 0.862500 0.014063 0.028125
0 0.578906 0.854688 0.026562 0.018750
0 0.636719 0.854688 0.017188 0.021875
0 0.759375 0.853906 0.031250 0.023438
0 0.701562 0.855469 0.021875 0.026562
0 0.521875 0.853906 0.025000 0.023438
0 0.460938 0.848437 0.025000 0.021875
0 0.400781 0.842969 0.029687 0.026562
0 0.030469 0.840625 0.023438 0.021875
0 0.334375 0.839063 0.028125 0.025000
0 0.270313 0.839844 0.021875 0.029687
0 0.207813 0.833594 0.021875 0.023438
0 0.144531 0.832812 0.026562 0.025000
0 0.828906 0.771875 0.029687 0.021875
0 0.770312 0.770312 0.028125 0.031250
0 0.707031 0.767188 0.029687 0.028125
0 0.582812 0.763281 0.021875 0.020313
0 0.643750 0.764844 0.025000 0.026562
0 0.464844 0.760938 0.026562 0.021875
0 0.522656 0.761719 0.026562 0.026562
0 0.403906 0.754687 0.029687 0.021875
0 0.340625 0.752344 0.021875 0.020313
0 0.274219 0.751563 0.029687 0.028125
0 0.153125 0.746875 0.021875 0.021875
0 0.026562 0.749219 0.031250 0.026562
0 0.211719 0.746094 0.032813 0.026562
0 0.090625 0.747656 0.025000 0.035937
0 0.829688 0.681250 0.012500 0.018750
0 0.772656 0.678125 0.023438 0.021875
0 0.580469 0.677344 0.026562 0.023438
0 0.709375 0.675000 0.025000 0.025000
0 0.642969 0.675781 0.023438 0.026562
0 0.523438 0.671094 0.025000 0.023438
0 0.031250 0.661719 0.021875 0.023438
0 0.464062 0.665625 0.025000 0.018750
0 0.402344 0.662500 0.029687 0.028125
0 0.335938 0.660156 0.021875 0.023438
0 0.087500 0.660156 0.018750 0.029687
0 0.285156 0.656250 0.026562 0.025000
0 0.215625 0.655469 0.028125 0.026562
0 0.154688 0.652344 0.028125 0.029687
0 0.837500 0.592187 0.018750 0.021875
0 0.776563 0.587500 0.021875 0.021875
0 0.715625 0.588281 0.025000 0.026562
0 0.652344 0.584375 0.026562 0.025000
0 0.585156 0.584375 0.020313 0.025000
0 0.473438 0.578906 0.018750 0.020313
0 0.528906 0.575000 0.020313 0.025000
0 0.402344 0.575781 0.026562 0.029687
0 0.028906 0.573438 0.023438 0.025000
0 0.159375 0.567969 0.025000 0.023438
0 0.089063 0.569531 0.021875 0.026562
0 0.346094 0.568750 0.023438 0.028125
0 0.285938 0.567187 0.021875 0.025000
0 0.220312 0.564844 0.028125 0.029687
0 0.845313 0.500781 0.025000 0.026562
0 0.787500 0.498437 0.021875 0.025000
0 0.722656 0.498437 0.029687 0.025000
0 0.656250 0.497656 0.025000 0.023438
0 0.593750 0.498437 0.028125 0.025000
0 0.534375 0.491406 0.028125 0.023438
0 0.358594 0.486719 0.017188 0.026562
0 0.041406 0.485156 0.023438 0.023438
0 0.296094 0.485156 0.023438 0.026562
0 0.418750 0.478906 0.021875 0.023438
0 0.170313 0.480469 0.025000 0.026562
0 0.096094 0.482031 0.032813 0.029687
0 0.234375 0.479687 0.028125 0.028125
0 0.853125 0.413281 0.015625 0.020313
0 0.793750 0.410938 0.015625 0.018750
0 0.667188 0.406250 0.028125 0.021875
0 0.604688 0.407031 0.018750 0.023438
0 0.728125 0.406250 0.031250 0.025000
0 0.486719 0.398438 0.035937 0.031250
0 0.542969 0.403906 0.020313 0.026562
0 0.421875 0.398438 0.015625 0.018750
0 0.358594 0.393750 0.023438 0.025000
0 0.296094 0.392969 0.020313 0.020313
0 0.102344 0.392969 0.023438 0.020313
0 0.242969 0.389062 0.014063 0.025000
0 0.171094 0.389062 0.023438 0.028125
0 0.035156 0.389062 0.020313 0.028125
0 0.878906 0.335938 0.014063 0.034375
0 0.835938 0.329688 0.018750 0.021875
0 0.770312 0.324219 0.018750 0.023438
0 0.708594 0.319531 0.020313 0.020313
0 0.651563 0.314063 0.018750 0.021875
0 0.525781 0.305469 0.032813 0.032813
0 0.342969 0.312500 0.023438 0.021875
0 0.599219 0.305469 0.026562 0.026562
0 0.467969 0.311719 0.020313 0.026562
0 0.403125 0.310156 0.025000 0.026562
0 0.148438 0.307812 0.025000 0.021875
0 0.273438 0.307031 0.025000 0.023438
0 0.088281 0.303906 0.032813 0.029687
0 0.033594 0.306250 0.026562 0.021875
0 0.214844 0.307812 0.023438 0.028125
0 0.781250 0.232813 0.021875 0.025000
0 0.842969 0.240625 0.020313 0.021875
0 0.719531 0.228906 0.017188 0.020313
0 0.144531 0.217188 0.029687 0.028125
0 0.660937 0.221875 0.028125 0.031250
0 0.600781 0.216406 0.023438 0.026562
0 0.475000 0.223438 0.018750 0.028125
0 0.529687 0.212500 0.028125 0.028125
0 0.089063 0.216406 0.025000 0.020313
0 0.407031 0.221875 0.029687 0.034375
0 0.342187 0.220312 0.028125 0.031250
0 0.282031 0.215625 0.026562 0.021875
0 0.215625 0.217969 0.028125 0.026562
0 0.037500 0.213281 0.021875 0.020313
0 0.782031 0.155469 0.023438 0.026562
0 0.845313 0.152344 0.021875 0.023438
0 0.717187 0.142969 0.021875 0.020313
0 0.599219 0.138281 0.020313 0.017188
0 0.532031 0.132812 0.020313 0.028125
0 0.665625 0.135937 0.015625 0.018750
0 0.215625 0.132031 0.028125 0.032813
0 0.165625 0.136719 0.028125 0.029687
0 0.408594 0.137500 0.029687 0.025000
0 0.474219 0.136719 0.020313 0.026562
0 0.285156 0.133594 0.026562 0.020313
0 0.352344 0.133594 0.029687 0.026562
0 0.097656 0.130469 0.026562 0.026562
0 0.038281 0.126562 0.023438 0.018750
0 0.849219 0.060937 0.020313 0.015625
0 0.789844 0.059375 0.017188 0.018750
0 0.721094 0.055469 0.023438 0.014063
0 0.158594 0.035937 0.023438 0.025000
0 0.103906 0.035937 0.026562 0.031250
0 0.667969 0.042969 0.023438 0.026562
0 0.038281 0.031250 0.026562 0.031250
0 0.350781 0.039062 0.026562 0.031250
0 0.600000 0.040625 0.021875 0.021875
0 0.417187 0.042969 0.018750 0.026562
0 0.225781 0.039844 0.020313 0.020313
0 0.494531 0.491406 0.032813 0.026562