0 0.314844 0.950000 0.014063 0.018750
0 0.375781 0.947656 0.020313 0.023438
0 0.128125 0.940625 0.025000 0.018750
0 0.191406 0.942187 0.026562 0.025000
0 0.253906 0.940625 0.023438 0.025000
0 0.065625 0.936719 0.021875 0.026562
0 0.330469 0.863281 0.017188 0.023438
0 0.378906 0.862500 0.014063 0.028125
0 0.078906 0.854688 0.026562 0.018750
0 0.136719 0.854688 0.017188 0.021875
0 0.259375 0.853906 0.031250 0.023438
0 0.201563 0.855469 0.021875 0.026562
0 0.021875 0.853906 0.025000 0.023438
0 0.328906 0.771875 0.029687 0.021875
0 0.270313 0.770312 0.028125 0.031250
0 0.207031 0.767188 0.029687 0.028125
0 0.082812 0.763281 0.021875 0.020313
0 0.143750 0.764844 0.025000 0.026562
0 0.022656 0.761719 0.026562 0.026562
0 0.329688 0.681250 0.012500 0.018750
0 0.272656 0.678125 0.023438 0.021875
0 0.080469 0.677344 0.026562 0.023438
0 0.209375 0.675000 0.025000 0.025000
0 0.142969 0.675781 0.023438 0.026562
0 0.023438 0.671094 0.025000 0.023438
0 0.337500 0.592187 0.018750 0.021875
0 0.276562 0.587500 0.021875 0.021875
0 0.215625 0.588281 0.025000 0.026562
0 0.152344 0.584375 0.026562 0.025000
0 0.085156 0.584375 0.020313 0.025000
0 0.028906 0.575000 0.020313 0.025000
0 0.345313 0.500781 0.025000 0.026562
0 0.287500 0.498437 0.021875 0.025000
0 0.222656 0.498437 0.029687 0.025000
0 0.156250 0.497656 0.025000 0.023438
0 0.093750 0.498437 0.028125 0.025000
0 0.034375 0.491406 0.028125 0.023438
0 0.353125 0.413281 0.015625 0.020313
0 0.293750 0.410938 0.015625 0.018750
0 0.167187 0.406250 0.028125 0.021875
0 0.104688 0.407031 0.018750 0.023438
0 0.228125 0.406250 0.031250 0.025000
0 0.042969 0.403906 0.020313 0.026562
0 0.378906 0.335938 0.014063 0.034375
0 0.335938 0.329688 0.018750 0.021875
0 0.270313 0.324219 0.018750 0.023438
0 0.208594 0.319531 0.020313 0.020313
0 0.151562 0.314063 0.018750 0.021875
0 0.025781 0.305469 0.032813 0.032813
0 0.099219 0.305469 0.026562 0.026562
0 0.281250 0.232813 0.021875 0.025000
0 0.342969 0.240625 0.020313 0.021875
0 0.219531 0.228906 0.017188 0.020313
0 0.160938 0.221875 0.028125 0.031250
0 0.100781 0.216406 0.023438 0.026562
0 0.029687 0.212500 0.028125 0.028125
0 0.282031 0.155469 0.023438 0.026562
0 0.345313 0.152344 0.021875 0.023438
0 0.217188 0.142969 0.021875 0.020313
0 0.099219 0.138281 0.020313 0.017188
0 0.032031 0.132812 0.020313 0.028125
0 0.165625 0.135937 0.015625 0.018750
0 0.349219 0.060937 0.020313 0.015625
0 0.289844 0.059375 0.017188 0.018750
0 0.221094 0.055469 0.023438 0.014063
0 0.167969 0.042969 0.023438 0.026562
0 0.100000 0.040625 0.021875 0.021875