0 0.393750 0.985938 0.028125 0.025000
0 0.331250 0.984375 0.025000 0.025000
0 0.269531 0.980469 0.026562 0.026562
0 0.025781 0.976562 0.014063 0.018750
0 0.210938 0.976562 0.025000 0.025000
0 0.147656 0.975000 0.026562 0.021875
0 0.085938 0.975781 0.021875 0.023438
0 0.959375 0.922656 0.021875 0.023438
0 0.890625 0.917969 0.031250 0.020313
0 0.832031 0.917969 0.032813 0.023438
0 0.702344 0.912500 0.023438 0.021875
0 0.769531 0.912500 0.026562 0.025000
0 0.638281 0.910937 0.026562 0.025000
0 0.584375 0.903125 0.021875 0.025000
0 0.523438 0.904687 0.028125 0.028125
0 0.461719 0.896875 0.026562 0.025000
0 0.333594 0.893750 0.023438 0.018750
0 0.397656 0.892969 0.029687 0.023438
0 0.273438 0.889844 0.028125 0.026562
0 0.211719 0.886719 0.026562 0.026562
0 0.086719 0.882031 0.023438 0.017188
0 0.149219 0.884375 0.029687 0.025000
0 0.028125 0.883594 0.018750 0.023438
0 0.835938 0.827344 0.021875 0.020313
0 0.771094 0.825000 0.026562 0.018750
0 0.713281 0.817969 0.020313 0.023438
0 0.589063 0.817969 0.021875 0.023438
0 0.651563 0.816406 0.018750 0.023438
0 0.526563 0.814844 0.025000 0.023438
0 0.955469 0.821875 0.042188 0.034375
0 0.460938 0.805469 0.031250 0.026562
0 0.336719 0.804688 0.023438 0.028125
0 0.275000 0.800781 0.034375 0.029687
0 0.086719 0.796094 0.026562 0.020313
0 0.149219 0.795312 0.032813 0.021875
0 0.030469 0.796094 0.020313 0.026562
0 0.212500 0.794531 0.034375 0.032813
0 0.177344 0.742969 0.001563 0.001563
0 0.903906 0.739844 0.032813 0.023438
0 0.971094 0.740625 0.023438 0.031250
0 0.843750 0.737500 0.028125 0.025000
0 0.773438 0.735156 0.034375 0.023438
0 0.652344 0.732812 0.029687 0.025000
0 0.713281 0.730469 0.026562 0.026562
0 0.529687 0.727344 0.031250 0.032813
0 0.589844 0.725000 0.035937 0.034375
0 0.466406 0.715625 0.032813 0.031250
0 0.402344 0.715625 0.029687 0.031250
0 0.339844 0.713281 0.032813 0.026562
0 0.277344 0.713281 0.026562 0.029687
0 0.215625 0.708594 0.040625 0.029687
0 0.154688 0.710938 0.037500 0.034375
0 0.091406 0.707031 0.029687 0.029687
0 0.033594 0.704688 0.032813 0.031250
0 0.977344 0.655469 0.039062 0.026562
0 0.850781 0.649219 0.026562 0.023438
0 0.789844 0.648438 0.020313 0.021875
0 0.915625 0.649219 0.031250 0.026562
0 0.725781 0.643750 0.023438 0.021875
0 0.664062 0.642969 0.025000 0.023438
0 0.598437 0.641406 0.025000 0.020313
0 0.535937 0.638281 0.031250 0.023438
0 0.471875 0.630469 0.031250 0.029687
0 0.349219 0.625000 0.023438 0.025000
0 0.410156 0.625781 0.029687 0.032813
0 0.289844 0.623437 0.026562 0.028125
0 0.225781 0.622656 0.026562 0.032813
0 0.160938 0.620313 0.034375 0.028125
0 0.096875 0.615625 0.034375 0.025000
0 0.042188 0.615625 0.028125 0.031250
0 0.978125 0.562500 0.025000 0.025000
0 0.911719 0.564063 0.026562 0.031250
0 0.852344 0.558594 0.029687 0.023438
0 0.783594 0.556250 0.035937 0.025000
0 0.726562 0.554688 0.025000 0.021875
0 0.606250 0.551562 0.018750 0.015625
0 0.666406 0.553906 0.017188 0.023438
0 0.544531 0.546875 0.023438 0.025000
0 0.479687 0.541406 0.025000 0.023438
0 0.352344 0.537500 0.026562 0.021875
0 0.417187 0.535937 0.025000 0.025000
0 0.286719 0.532813 0.026562 0.025000
0 0.223438 0.532813 0.025000 0.025000
0 0.162500 0.528906 0.025000 0.023438
0 0.049219 0.530469 0.026562 0.026562
0 0.103125 0.527344 0.021875 0.023438
0 0.963281 0.487500 0.020313 0.021875
0 0.905469 0.485156 0.026562 0.023438
0 0.835156 0.481250 0.023438 0.018750
0 0.642969 0.480469 0.020313 0.020313
0 0.772656 0.476562 0.023438 0.021875
0 0.708594 0.477344 0.026562 0.026562
0 0.578125 0.471875 0.025000 0.021875
0 0.459375 0.471875 0.018750 0.021875
0 0.346094 0.469531 0.023438 0.023438
0 0.279687 0.470313 0.028125 0.025000
0 0.516406 0.465625 0.017188 0.018750
0 0.401562 0.470313 0.021875 0.028125
0 0.217969 0.460156 0.010937 0.020313
0 0.149219 0.458594 0.020313 0.023438
0 0.084375 0.451562 0.031250 0.028125
0 0.959375 0.395313 0.025000 0.028125
0 0.900781 0.394531 0.029687 0.026562
0 0.839063 0.387500 0.031250 0.025000
0 0.773438 0.384375 0.028125 0.025000
0 0.648438 0.379688 0.028125 0.031250
0 0.282031 0.379688 0.029687 0.021875
0 0.353906 0.380469 0.032813 0.026562
0 0.715625 0.382812 0.031250 0.034375
0 0.465625 0.377344 0.031250 0.023438
0 0.524219 0.376563 0.039062 0.025000
0 0.403125 0.378906 0.031250 0.029687
0 0.217969 0.368750 0.029687 0.021875
0 0.582812 0.373437 0.031250 0.037500
0 0.155469 0.365625 0.032813 0.025000
0 0.091406 0.363281 0.026562 0.020313
0 0.032813 0.360938 0.025000 0.025000
0 0.967187 0.307812 0.031250 0.025000
0 0.908594 0.305469 0.023438 0.023438
0 0.855469 0.301563 0.020313 0.018750
0 0.723437 0.301563 0.025000 0.025000
0 0.790625 0.298438 0.025000 0.021875
0 0.594531 0.290625 0.023438 0.025000
0 0.414062 0.296875 0.034375 0.028125
0 0.657813 0.293750 0.021875 0.025000
0 0.354687 0.295312 0.025000 0.028125
0 0.535937 0.287500 0.028125 0.021875
0 0.291406 0.291406 0.026562 0.035937
0 0.095312 0.277344 0.031250 0.020313
0 0.160938 0.276562 0.015625 0.025000
0 0.220312 0.277344 0.031250 0.029687
0 0.039062 0.271094 0.025000 0.023438
0 0.476562 0.288281 0.021875 0.026562
0 0.858594 0.214844 0.026562 0.020313
0 0.917188 0.214844 0.040625 0.026562
0 0.791406 0.211719 0.035937 0.026562
0 0.724219 0.209375 0.026562 0.025000
0 0.598437 0.204687 0.025000 0.021875
0 0.667188 0.207031 0.021875 0.029687
0 0.419531 0.203125 0.023438 0.021875
0 0.355469 0.203125 0.026562 0.025000
0 0.478906 0.198437 0.023438 0.021875
0 0.535156 0.196875 0.032813 0.025000
0 0.292969 0.198437 0.032813 0.028125
0 0.228906 0.194531 0.020313 0.020313
0 0.165625 0.193750 0.031250 0.021875
0 0.104688 0.184375 0.025000 0.018750
0 0.041406 0.177344 0.029687 0.026562
0 0.981250 0.131250 0.025000 0.021875
0 0.918750 0.125781 0.021875 0.023438
0 0.721875 0.121875 0.021875 0.015625
0 0.660156 0.116406 0.026562 0.032813
0 0.795312 0.117188 0.025000 0.025000
0 0.348438 0.111719 0.018750 0.014063
0 0.859375 0.111719 0.018750 0.017188
0 0.421875 0.113281 0.021875 0.023438
0 0.540625 0.110156 0.028125 0.020313
0 0.296875 0.111719 0.028125 0.023438
0 0.605469 0.111719 0.035937 0.026562
0 0.483594 0.107813 0.023438 0.025000
0 0.231250 0.101562 0.018750 0.018750
0 0.166406 0.098437 0.023438 0.018750
0 0.106250 0.096094 0.021875 0.017188
0 0.050781 0.089063 0.020313 0.021875
0 0.982812 0.042188 0.025000 0.031250
0 0.921094 0.040625 0.023438 0.028125
0 0.860156 0.035156 0.026562 0.023438
0 0.728906 0.032813 0.026562 0.018750
0 0.794531 0.031250 0.020313 0.018750
0 0.674219 0.031250 0.026562 0.021875
0 0.480469 0.022656 0.020313 0.029687
0 0.610938 0.024219 0.031250 0.026562
0 0.420312 0.022656 0.021875 0.026562
0 0.358594 0.024219 0.020313 0.029687
0 0.295312 0.020313 0.028125 0.025000
0 0.554688 0.018750 0.018750 0.028125
0 0.975781 0.222656 0.032813 0.029687
0 0.024219 0.451562 0.020313 0.021875
0 0.391406 0.804688 0.039062 0.028125
0 0.896875 0.828125 0.037500 0.034375