0 0.754687 0.936719 0.018750 0.020313
0 0.950781 0.935937 0.020313 0.025000
0 0.818750 0.934375 0.031250 0.025000
0 0.700781 0.925781 0.026562 0.023438
0 0.641406 0.924219 0.026562 0.023438
0 0.459375 0.922656 0.021875 0.023438
0 0.578906 0.919531 0.020313 0.023438
0 0.390625 0.917969 0.031250 0.020313
0 0.519531 0.920312 0.023438 0.028125
0 0.332031 0.917969 0.032813 0.023438
0 0.202344 0.912500 0.023438 0.021875
0 0.269531 0.912500 0.026562 0.025000
0 0.138281 0.910937 0.026562 0.025000
0 0.084375 0.903125 0.021875 0.025000
0 0.023438 0.904687 0.028125 0.028125
0 0.949219 0.846875 0.020313 0.025000
0 0.889062 0.844531 0.025000 0.020313
0 0.762500 0.844531 0.028125 0.023438
0 0.825781 0.841406 0.023438 0.023438
0 0.700781 0.841406 0.023438 0.023438
0 0.641406 0.834375 0.023438 0.021875
0 0.582031 0.832031 0.023438 0.020313
0 0.520312 0.831250 0.028125 0.021875
0 0.335938 0.827344 0.021875 0.020313
0 0.271094 0.825000 0.026562 0.018750
0 0.213281 0.817969 0.020313 0.023438
0 0.089063 0.817969 0.021875 0.023438
0 0.151562 0.816406 0.018750 0.023438
0 0.026562 0.814844 0.025000 0.023438
0 0.455469 0.821875 0.042188 0.034375
0 0.952344 0.759375 0.026562 0.018750
0 0.825000 0.758594 0.025000 0.023438
0 0.891406 0.757812 0.032813 0.025000
0 0.702344 0.750000 0.042188 0.018750
0 0.766406 0.753125 0.026562 0.028125
0 0.647656 0.746094 0.023438 0.020313
0 0.589844 0.744531 0.023438 0.023438
0 0.403906 0.739844 0.032813 0.023438
0 0.527344 0.742188 0.026562 0.031250
0 0.471094 0.740625 0.023438 0.031250
0 0.343750 0.737500 0.028125 0.025000
0 0.273438 0.735156 0.034375 0.023438
0 0.152344 0.732812 0.029687 0.025000
0 0.213281 0.730469 0.026562 0.026562
0 0.029687 0.727344 0.031250 0.032813
0 0.089844 0.725000 0.035937 0.034375
0 0.903125 0.665625 0.018750 0.018750
0 0.836719 0.667188 0.035937 0.021875
0 0.964063 0.667969 0.025000 0.029687
0 0.776563 0.666406 0.028125 0.026562
0 0.713281 0.660156 0.026562 0.020313
0 0.652344 0.656250 0.029687 0.031250
0 0.536719 0.655469 0.026562 0.020313
0 0.597656 0.655469 0.023438 0.023438
0 0.477344 0.655469 0.039062 0.026562
0 0.350781 0.649219 0.026562 0.023438
0 0.289844 0.648438 0.020313 0.021875
0 0.415625 0.649219 0.031250 0.026562
0 0.225781 0.643750 0.023438 0.021875
0 0.164062 0.642969 0.025000 0.023438
0 0.098437 0.641406 0.025000 0.020313
0 0.035937 0.638281 0.031250 0.023438
0 0.960938 0.581250 0.034375 0.018750
0 0.841406 0.577344 0.023438 0.023438
0 0.782031 0.576562 0.023438 0.021875
0 0.910937 0.575781 0.037500 0.023438
0 0.717187 0.572656 0.028125 0.023438
0 0.656250 0.566406 0.028125 0.023438
0 0.539062 0.562500 0.021875 0.025000
0 0.478125 0.562500 0.025000 0.025000
0 0.598437 0.560937 0.021875 0.025000
0 0.411719 0.564063 0.026562 0.031250
0 0.352344 0.558594 0.029687 0.023438
0 0.283594 0.556250 0.035937 0.025000
0 0.226562 0.554688 0.025000 0.021875
0 0.106250 0.551562 0.018750 0.015625
0 0.166406 0.553906 0.017188 0.023438
0 0.044531 0.546875 0.023438 0.025000
0 0.954688 0.514844 0.028125 0.020313
0 0.897656 0.506250 0.020313 0.018750
0 0.825000 0.497656 0.025000 0.020313
0 0.758594 0.497656 0.023438 0.023438
0 0.699219 0.499219 0.023438 0.023438
0 0.642188 0.496875 0.021875 0.028125
0 0.575000 0.490625 0.031250 0.025000
0 0.518750 0.485938 0.028125 0.018750
0 0.463281 0.487500 0.020313 0.021875
0 0.405469 0.485156 0.026562 0.023438
0 0.335156 0.481250 0.023438 0.018750
0 0.142969 0.480469 0.020313 0.020313
0 0.272656 0.476562 0.023438 0.021875
0 0.208594 0.477344 0.026562 0.026562
0 0.078125 0.471875 0.025000 0.021875
0 0.016406 0.465625 0.017188 0.018750
0 0.957031 0.424219 0.026562 0.017188
0 0.895312 0.414844 0.025000 0.023438
0 0.764062 0.407813 0.034375 0.021875
0 0.838281 0.404687 0.029687 0.025000
0 0.646875 0.403906 0.025000 0.032813
0 0.521875 0.399219 0.031250 0.023438
0 0.703125 0.400781 0.028125 0.032813
0 0.585156 0.392969 0.023438 0.023438
0 0.459375 0.395313 0.025000 0.028125
0 0.400781 0.394531 0.029687 0.026562
0 0.339062 0.387500 0.031250 0.025000
0 0.273438 0.384375 0.028125 0.025000
0 0.148438 0.379688 0.028125 0.031250
0 0.215625 0.382812 0.031250 0.034375
0 0.024219 0.376563 0.039062 0.025000
0 0.082812 0.373437 0.031250 0.037500
0 0.961719 0.340625 0.026562 0.021875
0 0.905469 0.331250 0.023438 0.021875
0 0.841406 0.321094 0.017188 0.020313
0 0.774219 0.318750 0.029687 0.021875
0 0.714063 0.317188 0.028125 0.021875
0 0.655469 0.317969 0.026562 0.026562
0 0.591406 0.314844 0.026562 0.026562
0 0.467187 0.307812 0.031250 0.025000
0 0.532813 0.306250 0.028125 0.025000
0 0.408594 0.305469 0.023438 0.023438
0 0.355469 0.301563 0.020313 0.018750
0 0.223438 0.301563 0.025000 0.025000
0 0.290625 0.298438 0.025000 0.021875
0 0.094531 0.290625 0.023438 0.025000
0 0.157812 0.293750 0.021875 0.025000
0 0.035937 0.287500 0.028125 0.021875
0 0.969531 0.246094 0.026562 0.023438
0 0.916406 0.240625 0.026562 0.021875
0 0.841406 0.233594 0.023438 0.026562
0 0.778125 0.230469 0.025000 0.029687
0 0.717969 0.228906 0.026562 0.026562
0 0.659375 0.228125 0.028125 0.028125
0 0.596094 0.223438 0.032813 0.028125
0 0.539844 0.218750 0.032813 0.028125
0 0.358594 0.214844 0.026562 0.020313
0 0.417187 0.214844 0.040625 0.026562
0 0.291406 0.211719 0.035937 0.026562
0 0.224219 0.209375 0.026562 0.025000
0 0.098437 0.204687 0.025000 0.021875
0 0.167187 0.207031 0.021875 0.029687
0 0.035156 0.196875 0.032813 0.025000
0 0.969531 0.157812 0.020313 0.018750
0 0.908594 0.145313 0.029687 0.018750
0 0.715625 0.143750 0.025000 0.025000
0 0.847656 0.137500 0.023438 0.021875
0 0.660156 0.139844 0.026562 0.026562
0 0.596875 0.136719 0.025000 0.026562
0 0.540625 0.132031 0.028125 0.023438
0 0.481250 0.131250 0.025000 0.021875
0 0.418750 0.125781 0.021875 0.023438
0 0.221875 0.121875 0.021875 0.015625
0 0.778125 0.139063 0.031250 0.025000
0 0.160156 0.116406 0.026562 0.032813
0 0.295312 0.117188 0.025000 0.025000
0 0.359375 0.111719 0.018750 0.017188
0 0.040625 0.110156 0.028125 0.020313
0 0.105469 0.111719 0.035937 0.026562
0 0.970313 0.066406 0.028125 0.026562
0 0.915625 0.057813 0.018750 0.025000
0 0.786719 0.056250 0.023438 0.034375
0 0.721875 0.053125 0.021875 0.028125
0 0.853906 0.048438 0.023438 0.021875
0 0.666406 0.050781 0.020313 0.026562
0 0.603906 0.045312 0.023438 0.021875
0 0.542188 0.039844 0.021875 0.026562
0 0.482812 0.042188 0.025000 0.031250
0 0.421094 0.040625 0.023438 0.028125
0 0.360156 0.035156 0.026562 0.023438
0 0.228906 0.032813 0.026562 0.018750
0 0.294531 0.031250 0.020313 0.018750
0 0.174219 0.031250 0.026562 0.021875
0 0.110937 0.024219 0.031250 0.026562
0 0.054688 0.018750 0.018750 0.028125
0 0.475781 0.222656 0.032813 0.029687
0 0.396875 0.828125 0.037500 0.034375
0 0.883594 0.937500 0.042188 0.025000