0 0.939063 0.959375 0.021875 0.025000
0 0.875781 0.957031 0.023438 0.023438
0 0.815625 0.954688 0.025000 0.021875
0 0.527344 0.944531 0.001563 0.001563
0 0.751563 0.952344 0.025000 0.023438
0 0.624219 0.950781 0.020313 0.023438
0 0.558594 0.948438 0.032813 0.018750
0 0.689063 0.945312 0.018750 0.021875
0 0.508594 0.942969 0.032813 0.020313
0 0.254688 0.936719 0.018750 0.020313
0 0.450781 0.935937 0.020313 0.025000
0 0.318750 0.934375 0.031250 0.025000
0 0.200781 0.925781 0.026562 0.023438
0 0.141406 0.924219 0.026562 0.023438
0 0.078906 0.919531 0.020313 0.023438
0 0.019531 0.920312 0.023438 0.028125
0 0.942187 0.871094 0.034375 0.026562
0 0.878906 0.865625 0.026562 0.021875
0 0.817187 0.866406 0.021875 0.023438
0 0.755469 0.860156 0.020313 0.020313
0 0.692969 0.853125 0.023438 0.018750
0 0.508594 0.853125 0.023438 0.021875
0 0.628125 0.858594 0.021875 0.023438
0 0.449219 0.846875 0.020313 0.025000
0 0.389062 0.844531 0.025000 0.020313
0 0.262500 0.844531 0.028125 0.023438
0 0.325781 0.841406 0.023438 0.023438
0 0.200781 0.841406 0.023438 0.023438
0 0.141406 0.834375 0.023438 0.021875
0 0.082031 0.832031 0.023438 0.020313
0 0.020313 0.831250 0.028125 0.021875
0 0.820312 0.775781 0.025000 0.020313
0 0.946094 0.778125 0.029687 0.028125
0 0.884375 0.776563 0.025000 0.025000
0 0.757031 0.775000 0.026562 0.021875
0 0.686719 0.770312 0.032813 0.025000
0 0.509375 0.764062 0.025000 0.018750
0 0.570312 0.769531 0.028125 0.032813
0 0.635156 0.764844 0.026562 0.026562
0 0.452344 0.759375 0.026562 0.018750
0 0.325000 0.758594 0.025000 0.023438
0 0.391406 0.757812 0.032813 0.025000
0 0.202344 0.750000 0.042188 0.018750
0 0.266406 0.753125 0.026562 0.028125
0 0.147656 0.746094 0.023438 0.020313
0 0.089844 0.744531 0.023438 0.023438
0 0.027344 0.742188 0.026562 0.031250
0 0.707031 0.687500 0.023438 0.031250
0 0.958594 0.691406 0.023438 0.023438
0 0.901563 0.687500 0.028125 0.021875
0 0.833594 0.688281 0.020313 0.023438
0 0.768750 0.679688 0.028125 0.025000
0 0.650781 0.681250 0.029687 0.021875
0 0.587500 0.678906 0.025000 0.020313
0 0.528125 0.672656 0.025000 0.020313
0 0.403125 0.665625 0.018750 0.018750
0 0.336719 0.667188 0.035937 0.021875
0 0.464062 0.667969 0.025000 0.029687
0 0.276562 0.666406 0.028125 0.026562
0 0.213281 0.660156 0.026562 0.020313
0 0.152344 0.656250 0.029687 0.031250
0 0.036719 0.655469 0.026562 0.020313
0 0.097656 0.655469 0.023438 0.023438
0 0.957031 0.603125 0.023438 0.025000
0 0.897656 0.599219 0.026562 0.026562
0 0.837500 0.597656 0.031250 0.023438
0 0.770312 0.596875 0.028125 0.028125
0 0.649219 0.591406 0.020313 0.023438
0 0.710156 0.589844 0.029687 0.026562
0 0.586719 0.588281 0.023438 0.026562
0 0.523438 0.586719 0.021875 0.023438
0 0.460938 0.581250 0.034375 0.018750
0 0.341406 0.577344 0.023438 0.023438
0 0.282031 0.576562 0.023438 0.021875
0 0.410938 0.575781 0.037500 0.023438
0 0.217188 0.572656 0.028125 0.023438
0 0.156250 0.566406 0.028125 0.023438
0 0.039062 0.562500 0.021875 0.025000
0 0.098437 0.560937 0.021875 0.025000
0 0.945312 0.522656 0.025000 0.017188
0 0.885156 0.524219 0.020313 0.020313
0 0.516406 0.516406 0.020313 0.023438
0 0.822656 0.518750 0.026562 0.021875
0 0.575000 0.516406 0.034375 0.026562
0 0.757031 0.515625 0.026562 0.021875
0 0.454688 0.514844 0.028125 0.020313
0 0.695312 0.513281 0.021875 0.020313
0 0.625781 0.510938 0.035937 0.025000
0 0.397656 0.506250 0.020313 0.018750
0 0.325000 0.497656 0.025000 0.020313
0 0.258594 0.497656 0.023438 0.023438
0 0.199219 0.499219 0.023438 0.023438
0 0.142187 0.496875 0.021875 0.028125
0 0.075000 0.490625 0.031250 0.025000
0 0.018750 0.485938 0.028125 0.018750
0 0.946875 0.428125 0.021875 0.028125
0 0.519531 0.428125 0.023438 0.018750
0 0.884375 0.429688 0.021875 0.028125
0 0.824219 0.428125 0.026562 0.025000
0 0.578125 0.429688 0.031250 0.028125
0 0.457031 0.424219 0.026562 0.017188
0 0.758594 0.427344 0.026562 0.029687
0 0.697656 0.420312 0.023438 0.025000
0 0.395313 0.414844 0.025000 0.023438
0 0.264062 0.407813 0.034375 0.021875
0 0.338281 0.404687 0.029687 0.025000
0 0.146875 0.403906 0.025000 0.032813
0 0.021875 0.399219 0.031250 0.023438
0 0.203125 0.400781 0.028125 0.032813
0 0.085156 0.392969 0.023438 0.023438
0 0.960938 0.348438 0.025000 0.021875
0 0.900781 0.342969 0.029687 0.026562
0 0.530469 0.340625 0.023438 0.021875
0 0.461719 0.340625 0.026562 0.021875
0 0.834375 0.339062 0.028125 0.025000
0 0.770312 0.339844 0.021875 0.029687
0 0.707812 0.333594 0.021875 0.023438
0 0.644531 0.332813 0.026562 0.025000
0 0.405469 0.331250 0.023438 0.021875
0 0.341406 0.321094 0.017188 0.020313
0 0.274219 0.318750 0.029687 0.021875
0 0.214062 0.317188 0.028125 0.021875
0 0.155469 0.317969 0.026562 0.026562
0 0.091406 0.314844 0.026562 0.026562
0 0.032813 0.306250 0.028125 0.025000
0 0.964844 0.260937 0.026562 0.021875
0 0.903906 0.254688 0.029687 0.021875
0 0.840625 0.252344 0.021875 0.020313
0 0.774219 0.251563 0.029687 0.028125
0 0.653125 0.246875 0.021875 0.021875
0 0.526563 0.249219 0.031250 0.026562
0 0.711719 0.246094 0.032813 0.026562
0 0.469531 0.246094 0.026562 0.023438
0 0.590625 0.247656 0.025000 0.035937
0 0.416406 0.240625 0.026562 0.021875
0 0.341406 0.233594 0.023438 0.026562
0 0.278125 0.230469 0.025000 0.029687
0 0.217969 0.228906 0.026562 0.026562
0 0.159375 0.228125 0.028125 0.028125
0 0.096094 0.223438 0.032813 0.028125
0 0.039844 0.218750 0.032813 0.028125
0 0.531250 0.161719 0.021875 0.023438
0 0.964063 0.165625 0.025000 0.018750
0 0.902344 0.162500 0.029687 0.028125
0 0.835938 0.160156 0.021875 0.023438
0 0.469531 0.157812 0.020313 0.018750
0 0.587500 0.160156 0.018750 0.029687
0 0.785156 0.156250 0.026562 0.025000
0 0.715625 0.155469 0.028125 0.026562
0 0.654687 0.152344 0.028125 0.029687
0 0.408594 0.145313 0.029687 0.018750
0 0.215625 0.143750 0.025000 0.025000
0 0.347656 0.137500 0.023438 0.021875
0 0.160156 0.139844 0.026562 0.026562
0 0.096875 0.136719 0.025000 0.026562
0 0.040625 0.132031 0.028125 0.023438
0 0.278125 0.139063 0.031250 0.025000
0 0.973437 0.078906 0.018750 0.020313
0 0.902344 0.075781 0.026562 0.029687
0 0.528906 0.073438 0.023438 0.025000
0 0.659375 0.067969 0.025000 0.023438
0 0.589063 0.069531 0.021875 0.026562
0 0.846094 0.068750 0.023438 0.028125
0 0.785937 0.067187 0.021875 0.025000
0 0.470313 0.066406 0.028125 0.026562
0 0.720313 0.064844 0.028125 0.029687
0 0.415625 0.057813 0.018750 0.025000
0 0.286719 0.056250 0.023438 0.034375
0 0.221875 0.053125 0.021875 0.028125
0 0.353906 0.048438 0.023438 0.021875
0 0.166406 0.050781 0.020313 0.026562
0 0.103906 0.045312 0.023438 0.021875
0 0.042188 0.039844 0.021875 0.026562
0 0.564844 0.860156 0.032813 0.026562
0 0.383594 0.937500 0.042188 0.025000