0 0.884375 0.975000 0.003125 0.003125
0 0.865625 0.978125 0.028125 0.021875
0 0.741406 0.974219 0.020313 0.026562
0 0.673438 0.974219 0.021875 0.026562
0 0.804688 0.970313 0.021875 0.021875
0 0.612500 0.967187 0.015625 0.018750
0 0.554688 0.965625 0.021875 0.021875
0 0.492969 0.961719 0.023438 0.020313
0 0.439063 0.959375 0.021875 0.025000
0 0.375781 0.957031 0.023438 0.023438
0 0.315625 0.954688 0.025000 0.021875
0 0.027344 0.944531 0.001563 0.001563
0 0.251563 0.952344 0.025000 0.023438
0 0.124219 0.950781 0.020313 0.023438
0 0.058594 0.948438 0.032813 0.018750
0 0.189062 0.945312 0.018750 0.021875
0 0.863281 0.889062 0.026562 0.021875
0 0.745313 0.883594 0.021875 0.020313
0 0.803906 0.884375 0.029687 0.025000
0 0.614062 0.881250 0.021875 0.018750
0 0.682031 0.878906 0.023438 0.020313
0 0.499219 0.874219 0.029687 0.023438
0 0.565625 0.872656 0.015625 0.023438
0 0.442188 0.871094 0.034375 0.026562
0 0.378906 0.865625 0.026562 0.021875
0 0.317188 0.866406 0.021875 0.023438
0 0.255469 0.860156 0.020313 0.020313
0 0.192969 0.853125 0.023438 0.018750
0 0.128125 0.858594 0.021875 0.023438
0 0.871875 0.795312 0.028125 0.021875
0 0.746875 0.793750 0.021875 0.018750
0 0.628906 0.789844 0.023438 0.026562
0 0.809375 0.794531 0.018750 0.023438
0 0.686719 0.794531 0.020313 0.026562
0 0.567969 0.785156 0.023438 0.020313
0 0.503906 0.784375 0.029687 0.028125
0 0.320312 0.775781 0.025000 0.020313
0 0.446094 0.778125 0.029687 0.028125
0 0.384375 0.776563 0.025000 0.025000
0 0.257031 0.775000 0.026562 0.021875
0 0.186719 0.770312 0.032813 0.025000
0 0.070312 0.769531 0.028125 0.032813
0 0.135156 0.764844 0.026562 0.026562
0 0.760156 0.708594 0.020313 0.017188
0 0.627344 0.697656 0.001563 0.001563
0 0.875000 0.707031 0.021875 0.023438
0 0.819531 0.707812 0.020313 0.025000
0 0.641406 0.703125 0.023438 0.018750
0 0.696875 0.703125 0.031250 0.021875
0 0.581250 0.694531 0.021875 0.020313
0 0.516406 0.697656 0.023438 0.026562
0 0.207031 0.687500 0.023438 0.031250
0 0.458594 0.691406 0.023438 0.023438
0 0.401562 0.687500 0.028125 0.021875
0 0.333594 0.688281 0.020313 0.023438
0 0.268750 0.679688 0.028125 0.025000
0 0.150781 0.681250 0.029687 0.021875
0 0.087500 0.678906 0.025000 0.020313
0 0.028125 0.672656 0.025000 0.020313
0 0.703125 0.617188 0.015625 0.018750
0 0.639062 0.614844 0.015625 0.014063
0 0.759375 0.619531 0.021875 0.026562
0 0.580469 0.615625 0.020313 0.018750
0 0.878906 0.617188 0.014063 0.025000
0 0.820312 0.614844 0.025000 0.023438
0 0.514062 0.608594 0.021875 0.020313
0 0.457031 0.603125 0.023438 0.025000
0 0.397656 0.599219 0.026562 0.026562
0 0.337500 0.597656 0.031250 0.023438
0 0.270313 0.596875 0.028125 0.028125
0 0.149219 0.591406 0.020313 0.023438
0 0.210156 0.589844 0.029687 0.026562
0 0.086719 0.588281 0.023438 0.026562
0 0.023438 0.586719 0.021875 0.023438
0 0.873437 0.544531 0.025000 0.014063
0 0.817969 0.542969 0.020313 0.023438
0 0.750781 0.536719 0.023438 0.023438
0 0.625781 0.532031 0.014063 0.020313
0 0.571875 0.531250 0.018750 0.018750
0 0.686719 0.532031 0.026562 0.026562
0 0.509375 0.527344 0.025000 0.020313
0 0.445312 0.522656 0.025000 0.017188
0 0.385156 0.524219 0.020313 0.020313
0 0.016406 0.516406 0.020313 0.023438
0 0.322656 0.518750 0.026562 0.021875
0 0.075000 0.516406 0.034375 0.026562
0 0.257031 0.515625 0.026562 0.021875
0 0.195312 0.513281 0.021875 0.020313
0 0.125781 0.510938 0.035937 0.025000
0 0.814844 0.450000 0.014063 0.018750
0 0.875781 0.447656 0.020313 0.023438
0 0.628125 0.440625 0.025000 0.018750
0 0.691406 0.442188 0.026562 0.025000
0 0.506250 0.441406 0.018750 0.023438
0 0.753906 0.440625 0.023438 0.025000
0 0.565625 0.436719 0.021875 0.026562
0 0.446875 0.428125 0.021875 0.028125
0 0.019531 0.428125 0.023438 0.018750
0 0.384375 0.429688 0.021875 0.028125
0 0.324219 0.428125 0.026562 0.025000
0 0.078125 0.429688 0.031250 0.028125
0 0.258594 0.427344 0.026562 0.029687
0 0.197656 0.420312 0.023438 0.025000
0 0.830469 0.363281 0.017188 0.023438
0 0.878906 0.362500 0.014063 0.028125
0 0.578906 0.354687 0.026562 0.018750
0 0.636719 0.354687 0.017188 0.021875
0 0.759375 0.353906 0.031250 0.023438
0 0.701562 0.355469 0.021875 0.026562
0 0.521875 0.353906 0.025000 0.023438
0 0.460938 0.348438 0.025000 0.021875
0 0.400781 0.342969 0.029687 0.026562
0 0.030469 0.340625 0.023438 0.021875
0 0.334375 0.339062 0.028125 0.025000
0 0.270313 0.339844 0.021875 0.029687
0 0.207813 0.333594 0.021875 0.023438
0 0.144531 0.332813 0.026562 0.025000
0 0.828906 0.271875 0.029687 0.021875
0 0.770312 0.270313 0.028125 0.031250
0 0.707031 0.267188 0.029687 0.028125
0 0.582812 0.263281 0.021875 0.020313
0 0.643750 0.264844 0.025000 0.026562
0 0.464844 0.260937 0.026562 0.021875
0 0.522656 0.261719 0.026562 0.026562
0 0.403906 0.254688 0.029687 0.021875
0 0.340625 0.252344 0.021875 0.020313
0 0.274219 0.251563 0.029687 0.028125
0 0.153125 0.246875 0.021875 0.021875
0 0.026562 0.249219 0.031250 0.026562
0 0.211719 0.246094 0.032813 0.026562
0 0.090625 0.247656 0.025000 0.035937
0 0.829688 0.181250 0.012500 0.018750
0 0.772656 0.178125 0.023438 0.021875
0 0.580469 0.177344 0.026562 0.023438
0 0.709375 0.175000 0.025000 0.025000
0 0.642969 0.175781 0.023438 0.026562
0 0.523438 0.171094 0.025000 0.023438
0 0.031250 0.161719 0.021875 0.023438
0 0.464062 0.165625 0.025000 0.018750
0 0.402344 0.162500 0.029687 0.028125
0 0.335938 0.160156 0.021875 0.023438
0 0.087500 0.160156 0.018750 0.029687
0 0.285156 0.156250 0.026562 0.025000
0 0.215625 0.155469 0.028125 0.026562
0 0.154688 0.152344 0.028125 0.029687
0 0.837500 0.092188 0.018750 0.021875
0 0.776563 0.087500 0.021875 0.021875
0 0.715625 0.088281 0.025000 0.026562
0 0.652344 0.084375 0.026562 0.025000
0 0.585156 0.084375 0.020313 0.025000
0 0.473438 0.078906 0.018750 0.020313
0 0.528906 0.075000 0.020313 0.025000
0 0.402344 0.075781 0.026562 0.029687
0 0.028906 0.073438 0.023438 0.025000
0 0.159375 0.067969 0.025000 0.023438
0 0.089063 0.069531 0.021875 0.026562
0 0.346094 0.068750 0.023438 0.028125
0 0.285938 0.067187 0.021875 0.025000
0 0.220312 0.064844 0.028125 0.029687
0 0.064844 0.860156 0.032813 0.026562