0 0.696094 0.982812 0.023438 0.021875
0 0.635938 0.978906 0.025000 0.026562
0 0.575000 0.973437 0.025000 0.031250
0 0.507031 0.978125 0.023438 0.025000
0 0.264062 0.960938 0.043750 0.034375
0 0.135937 0.958594 0.031250 0.032813
0 0.441406 0.969531 0.029687 0.026562
0 0.382031 0.963281 0.029687 0.029687
0 0.192188 0.958594 0.037500 0.035937
0 0.074219 0.952344 0.035937 0.032813
0 0.879687 0.900781 0.012500 0.020313
0 0.825000 0.898438 0.028125 0.021875
0 0.767969 0.896094 0.045312 0.042188
0 0.635938 0.888281 0.028125 0.029687
0 0.570312 0.891406 0.031250 0.032813
0 0.705469 0.887500 0.029687 0.028125
0 0.512500 0.888281 0.021875 0.020313
0 0.446875 0.882812 0.025000 0.018750
0 0.385937 0.872656 0.034375 0.026562
0 0.204687 0.873437 0.037500 0.037500
0 0.324219 0.871875 0.032813 0.034375
0 0.142187 0.871094 0.034375 0.029687
0 0.262500 0.873437 0.028125 0.025000
0 0.085156 0.860156 0.029687 0.032813
0 0.772656 0.807031 0.029687 0.026562
0 0.712500 0.807031 0.025000 0.017188
0 0.828906 0.809375 0.026562 0.025000
0 0.519531 0.796875 0.029687 0.031250
0 0.646094 0.797656 0.032813 0.029687
0 0.582812 0.797656 0.034375 0.032813
0 0.464062 0.794531 0.034375 0.032813
0 0.393750 0.786719 0.034375 0.035937
0 0.339062 0.782813 0.031250 0.034375
0 0.206250 0.789062 0.021875 0.021875
0 0.149219 0.779687 0.042188 0.043750
0 0.271875 0.776563 0.034375 0.031250
0 0.084375 0.773438 0.034375 0.034375
0 0.018750 0.767188 0.034375 0.037500
0 0.832812 0.721875 0.018750 0.021875
0 0.771875 0.714063 0.028125 0.031250
0 0.585938 0.706250 0.043750 0.031250
0 0.650000 0.709375 0.034375 0.040625
0 0.713281 0.711719 0.020313 0.023438
0 0.525781 0.707812 0.035937 0.043750
0 0.462500 0.701562 0.034375 0.028125
0 0.392969 0.697656 0.029687 0.035937
0 0.272656 0.691406 0.035937 0.029687
0 0.212500 0.692969 0.021875 0.023438
0 0.155469 0.689063 0.020313 0.018750
0 0.089063 0.688281 0.025000 0.023438
0 0.025000 0.682813 0.025000 0.021875
0 0.585938 0.622656 0.031250 0.029687
0 0.772656 0.632031 0.026562 0.026562
0 0.714063 0.627344 0.034375 0.035937
0 0.529687 0.619531 0.018750 0.020313
0 0.463281 0.617969 0.026562 0.020313
0 0.279687 0.600781 0.031250 0.032813
0 0.213281 0.603906 0.023438 0.020313
0 0.152344 0.601562 0.023438 0.015625
0 0.027344 0.593750 0.020313 0.028125
0 0.646875 0.535156 0.031250 0.035937
0 0.778906 0.540625 0.026562 0.025000
0 0.830469 0.538281 0.029687 0.023438
0 0.717187 0.534375 0.028125 0.025000
0 0.590625 0.523438 0.040625 0.037500
0 0.532813 0.525000 0.021875 0.018750
0 0.467187 0.519531 0.031250 0.029687
0 0.403125 0.512500 0.025000 0.025000
0 0.337500 0.511719 0.037500 0.039062
0 0.275781 0.513281 0.026562 0.035937
0 0.215625 0.513281 0.028125 0.023438
0 0.149219 0.513281 0.026562 0.029687
0 0.029687 0.501563 0.018750 0.015625
0 0.091406 0.503906 0.023438 0.023438
0 0.842187 0.451562 0.037500 0.025000
0 0.733594 0.442969 0.032813 0.035937
0 0.782813 0.449219 0.021875 0.023438
0 0.655469 0.441406 0.032813 0.035937
0 0.470313 0.433594 0.043750 0.032813
0 0.535937 0.435156 0.028125 0.029687
0 0.343750 0.428125 0.028125 0.034375
0 0.277344 0.425000 0.032813 0.028125
0 0.217969 0.425000 0.026562 0.018750
0 0.156250 0.423438 0.025000 0.021875
0 0.098437 0.419531 0.021875 0.020313
0 0.039844 0.413281 0.029687 0.032813
0 0.791406 0.360156 0.029687 0.020313
0 0.842187 0.360938 0.037500 0.025000
0 0.532031 0.343750 0.029687 0.031250
0 0.352344 0.342187 0.032813 0.031250
0 0.468750 0.341406 0.028125 0.017188
0 0.411719 0.341406 0.032813 0.039062
0 0.224219 0.335156 0.029687 0.032813
0 0.103906 0.332031 0.020313 0.020313
0 0.043750 0.324219 0.025000 0.023438
0 0.878906 0.264062 0.014063 0.034375
0 0.764844 0.265625 0.023438 0.018750
0 0.635938 0.262500 0.028125 0.018750
0 0.700000 0.261719 0.028125 0.020313
0 0.825781 0.264844 0.020313 0.032813
0 0.582031 0.254688 0.026562 0.021875
0 0.522656 0.254688 0.026562 0.028125
0 0.461719 0.247656 0.029687 0.020313
0 0.339844 0.250000 0.026562 0.025000
0 0.270313 0.251563 0.031250 0.028125
0 0.207031 0.250000 0.023438 0.025000
0 0.146094 0.247656 0.023438 0.020313
0 0.017188 0.246875 0.021875 0.018750
0 0.082812 0.246094 0.021875 0.020313
0 0.403906 0.243750 0.023438 0.018750
0 0.635938 0.169531 0.031250 0.032813
0 0.831250 0.175781 0.021875 0.023438
0 0.700000 0.176563 0.025000 0.025000
0 0.771094 0.175000 0.029687 0.028125
0 0.585156 0.171875 0.029687 0.031250
0 0.525000 0.164844 0.037500 0.032813
0 0.463281 0.160156 0.023438 0.020313
0 0.404687 0.160156 0.018750 0.020313
0 0.271875 0.162500 0.031250 0.028125
0 0.341406 0.159375 0.029687 0.028125
0 0.087500 0.158594 0.028125 0.026562
0 0.212500 0.159375 0.028125 0.031250
0 0.150000 0.157031 0.028125 0.026562
0 0.023438 0.157812 0.031250 0.028125
0 0.715625 0.084375 0.021875 0.018750
0 0.780469 0.084375 0.023438 0.025000
0 0.596094 0.078906 0.023438 0.020313
0 0.531250 0.077344 0.031250 0.023438
0 0.412500 0.069531 0.018750 0.020313
0 0.284375 0.072656 0.028125 0.026562
0 0.219531 0.071875 0.023438 0.025000
0 0.157031 0.069531 0.026562 0.023438
0 0.468750 0.067187 0.018750 0.021875
0 0.349219 0.069531 0.023438 0.026562
0 0.031250 0.069531 0.034375 0.026562
0 0.096875 0.065625 0.031250 0.025000
0 0.848437 0.007031 0.018750 0.010937
0 0.778906 0.009375 0.017188 0.015625
0 0.715625 0.010156 0.031250 0.017188
0 0.167187 0.335156 0.040625 0.032813
0 0.596094 0.353125 0.039062 0.034375
0 0.092188 0.596875 0.037500 0.031250
0 0.409375 0.432812 0.037500 0.034375
0 0.392188 0.608594 0.031250 0.032813
0 0.320312 0.961719 0.040625 0.029687
0 0.293750 0.343750 0.046875 0.040625
0 0.722656 0.357031 0.048438 0.029687