0 0.384375 0.975000 0.003125 0.003125
0 0.365625 0.978125 0.028125 0.021875
0 0.241406 0.974219 0.020313 0.026562
0 0.173437 0.974219 0.021875 0.026562
0 0.304688 0.970313 0.021875 0.021875
0 0.112500 0.967187 0.015625 0.018750
0 0.054688 0.965625 0.021875 0.021875
0 0.363281 0.889062 0.026562 0.021875
0 0.245312 0.883594 0.021875 0.020313
0 0.303906 0.884375 0.029687 0.025000
0 0.114062 0.881250 0.021875 0.018750
0 0.182031 0.878906 0.023438 0.020313
0 0.065625 0.872656 0.015625 0.023438
0 0.371875 0.795312 0.028125 0.021875
0 0.246875 0.793750 0.021875 0.018750
0 0.128906 0.789844 0.023438 0.026562
0 0.309375 0.794531 0.018750 0.023438
0 0.186719 0.794531 0.020313 0.026562
0 0.067969 0.785156 0.023438 0.020313
0 0.260156 0.708594 0.020313 0.017188
0 0.127344 0.697656 0.001563 0.001563
0 0.375000 0.707031 0.021875 0.023438
0 0.319531 0.707812 0.020313 0.025000
0 0.141406 0.703125 0.023438 0.018750
0 0.196875 0.703125 0.031250 0.021875
0 0.081250 0.694531 0.021875 0.020313
0 0.016406 0.697656 0.023438 0.026562
0 0.203125 0.617188 0.015625 0.018750
0 0.139063 0.614844 0.015625 0.014063
0 0.259375 0.619531 0.021875 0.026562
0 0.080469 0.615625 0.020313 0.018750
0 0.378906 0.617188 0.014063 0.025000
0 0.320312 0.614844 0.025000 0.023438
0 0.014063 0.608594 0.021875 0.020313
0 0.373437 0.544531 0.025000 0.014063
0 0.317969 0.542969 0.020313 0.023438
0 0.250781 0.536719 0.023438 0.023438
0 0.125781 0.532031 0.014063 0.020313
0 0.071875 0.531250 0.018750 0.018750
0 0.186719 0.532031 0.026562 0.026562
0 0.314844 0.450000 0.014063 0.018750
0 0.375781 0.447656 0.020313 0.023438
0 0.128125 0.440625 0.025000 0.018750
0 0.191406 0.442188 0.026562 0.025000
0 0.253906 0.440625 0.023438 0.025000
0 0.065625 0.436719 0.021875 0.026562
0 0.330469 0.363281 0.017188 0.023438
0 0.378906 0.362500 0.014063 0.028125
0 0.078906 0.354687 0.026562 0.018750
0 0.136719 0.354687 0.017188 0.021875
0 0.259375 0.353906 0.031250 0.023438
0 0.201563 0.355469 0.021875 0.026562
0 0.021875 0.353906 0.025000 0.023438
0 0.328906 0.271875 0.029687 0.021875
0 0.270313 0.270313 0.028125 0.031250
0 0.207031 0.267188 0.029687 0.028125
0 0.082812 0.263281 0.021875 0.020313
0 0.143750 0.264844 0.025000 0.026562
0 0.022656 0.261719 0.026562 0.026562
0 0.329688 0.181250 0.012500 0.018750
0 0.272656 0.178125 0.023438 0.021875
0 0.080469 0.177344 0.026562 0.023438
0 0.209375 0.175000 0.025000 0.025000
0 0.142969 0.175781 0.023438 0.026562
0 0.023438 0.171094 0.025000 0.023438
0 0.337500 0.092188 0.018750 0.021875
0 0.276562 0.087500 0.021875 0.021875
0 0.215625 0.088281 0.025000 0.026562
0 0.152344 0.084375 0.026562 0.025000
0 0.085156 0.084375 0.020313 0.025000
0 0.028906 0.075000 0.020313 0.025000