0 0.919531 0.869531 0.035937 0.020313
0 0.970313 0.872656 0.025000 0.026562
0 0.850781 0.872656 0.039062 0.026562
0 0.788281 0.863281 0.020313 0.020313
0 0.723437 0.862500 0.018750 0.021875
0 0.612500 0.859375 0.021875 0.021875
0 0.664062 0.859375 0.015625 0.028125
0 0.551562 0.855469 0.031250 0.020313
0 0.487500 0.853125 0.025000 0.021875
0 0.421094 0.852344 0.020313 0.020313
0 0.353125 0.848437 0.018750 0.018750
0 0.292187 0.849219 0.028125 0.023438
0 0.114844 0.846875 0.026562 0.018750
0 0.232813 0.846094 0.021875 0.026562
0 0.175000 0.839844 0.018750 0.020313
0 0.045312 0.838281 0.028125 0.020313
0 0.974219 0.786719 0.020313 0.026562
0 0.915625 0.782813 0.018750 0.025000
0 0.853125 0.777344 0.021875 0.020313
0 0.793750 0.782813 0.021875 0.037500
0 0.729688 0.774219 0.025000 0.023438
0 0.670312 0.769531 0.025000 0.020313
0 0.493750 0.761719 0.028125 0.023438
0 0.611719 0.764844 0.020313 0.020313
0 0.552344 0.764062 0.023438 0.025000
0 0.364844 0.759375 0.017188 0.015625
0 0.416406 0.760156 0.023438 0.020313
0 0.303125 0.752344 0.028125 0.023438
0 0.171094 0.750781 0.039062 0.023438
0 0.053125 0.745313 0.021875 0.018750
0 0.239063 0.746875 0.021875 0.025000
0 0.117969 0.745313 0.023438 0.025000
0 0.940625 0.686719 0.025000 0.029687
0 0.810937 0.682031 0.028125 0.020313
0 0.882031 0.682813 0.023438 0.028125
0 0.683594 0.678125 0.026562 0.021875
0 0.757031 0.678906 0.029687 0.026562
0 0.623437 0.678125 0.021875 0.025000
0 0.560937 0.673438 0.028125 0.025000
0 0.507812 0.667969 0.021875 0.023438
0 0.384375 0.665625 0.018750 0.025000
0 0.443750 0.667969 0.025000 0.032813
0 0.319531 0.658594 0.020313 0.023438
0 0.260156 0.659375 0.020313 0.025000
0 0.136719 0.653906 0.023438 0.020313
0 0.200781 0.653125 0.026562 0.021875
0 0.010156 0.650781 0.017188 0.023438
0 0.071094 0.649219 0.023438 0.023438
0 0.945312 0.600781 0.015625 0.010937
0 0.884375 0.601562 0.018750 0.018750
0 0.824219 0.597656 0.026562 0.023438
0 0.693750 0.590625 0.021875 0.018750
0 0.617188 0.589063 0.031250 0.021875
0 0.582812 0.585156 0.031250 0.020313
0 0.762500 0.583594 0.018750 0.020313
0 0.514062 0.579688 0.028125 0.025000
0 0.453125 0.575781 0.025000 0.020313
0 0.389062 0.576562 0.018750 0.021875
0 0.332031 0.573438 0.039062 0.021875
0 0.011719 0.564844 0.020313 0.010937
0 0.262500 0.569531 0.034375 0.023438
0 0.205469 0.566406 0.023438 0.020313
0 0.142969 0.567187 0.020313 0.021875
0 0.077344 0.565625 0.020313 0.021875
0 0.959375 0.510156 0.021875 0.023438
0 0.892188 0.506250 0.018750 0.018750
0 0.828906 0.505469 0.029687 0.023438
0 0.772656 0.503125 0.029687 0.025000
0 0.641406 0.501563 0.020313 0.025000
0 0.703125 0.499219 0.021875 0.023438
0 0.578906 0.493750 0.029687 0.025000
0 0.521094 0.490625 0.017188 0.025000
0 0.457813 0.487500 0.025000 0.028125
0 0.393750 0.485938 0.028125 0.025000
0 0.331250 0.484375 0.025000 0.025000
0 0.269531 0.480469 0.026562 0.026562
0 0.025781 0.476562 0.014063 0.018750
0 0.210938 0.476562 0.025000 0.025000
0 0.147656 0.475000 0.026562 0.021875
0 0.085938 0.475781 0.021875 0.023438
0 0.959375 0.422656 0.021875 0.023438
0 0.890625 0.417969 0.031250 0.020313
0 0.832031 0.417969 0.032813 0.023438
0 0.702344 0.412500 0.023438 0.021875
0 0.769531 0.412500 0.026562 0.025000
0 0.638281 0.410938 0.026562 0.025000
0 0.584375 0.403125 0.021875 0.025000
0 0.523438 0.404687 0.028125 0.028125
0 0.461719 0.396875 0.026562 0.025000
0 0.333594 0.393750 0.023438 0.018750
0 0.397656 0.392969 0.029687 0.023438
0 0.273438 0.389844 0.028125 0.026562
0 0.211719 0.386719 0.026562 0.026562
0 0.086719 0.382031 0.023438 0.017188
0 0.149219 0.384375 0.029687 0.025000
0 0.028125 0.383594 0.018750 0.023438
0 0.835938 0.327344 0.021875 0.020313
0 0.771094 0.325000 0.026562 0.018750
0 0.713281 0.317969 0.020313 0.023438
0 0.589063 0.317969 0.021875 0.023438
0 0.651563 0.316406 0.018750 0.023438
0 0.526563 0.314844 0.025000 0.023438
0 0.955469 0.321875 0.042188 0.034375
0 0.460938 0.305469 0.031250 0.026562
0 0.336719 0.304688 0.023438 0.028125
0 0.275000 0.300781 0.034375 0.029687
0 0.086719 0.296094 0.026562 0.020313
0 0.149219 0.295312 0.032813 0.021875
0 0.030469 0.296094 0.020313 0.026562
0 0.212500 0.294531 0.034375 0.032813
0 0.177344 0.242969 0.001563 0.001563
0 0.903906 0.239844 0.032813 0.023438
0 0.971094 0.240625 0.023438 0.031250
0 0.843750 0.237500 0.028125 0.025000
0 0.773438 0.235156 0.034375 0.023438
0 0.652344 0.232813 0.029687 0.025000
0 0.713281 0.230469 0.026562 0.026562
0 0.529687 0.227344 0.031250 0.032813
0 0.589844 0.225000 0.035937 0.034375
0 0.466406 0.215625 0.032813 0.031250
0 0.402344 0.215625 0.029687 0.031250
0 0.339844 0.213281 0.032813 0.026562
0 0.277344 0.213281 0.026562 0.029687
0 0.215625 0.208594 0.040625 0.029687
0 0.154688 0.210938 0.037500 0.034375
0 0.091406 0.207031 0.029687 0.029687
0 0.033594 0.204687 0.032813 0.031250
0 0.977344 0.155469 0.039062 0.026562
0 0.850781 0.149219 0.026562 0.023438
0 0.789844 0.148438 0.020313 0.021875
0 0.915625 0.149219 0.031250 0.026562
0 0.725781 0.143750 0.023438 0.021875
0 0.664062 0.142969 0.025000 0.023438
0 0.598437 0.141406 0.025000 0.020313
0 0.535937 0.138281 0.031250 0.023438
0 0.471875 0.130469 0.031250 0.029687
0 0.349219 0.125000 0.023438 0.025000
0 0.410156 0.125781 0.029687 0.032813
0 0.289844 0.123438 0.026562 0.028125
0 0.225781 0.122656 0.026562 0.032813
0 0.160938 0.120313 0.034375 0.028125
0 0.096875 0.115625 0.034375 0.025000
0 0.042188 0.115625 0.028125 0.031250
0 0.978125 0.062500 0.025000 0.025000
0 0.911719 0.064062 0.026562 0.031250
0 0.852344 0.058594 0.029687 0.023438
0 0.783594 0.056250 0.035937 0.025000
0 0.726562 0.054688 0.025000 0.021875
0 0.606250 0.051562 0.018750 0.015625
0 0.666406 0.053906 0.017188 0.023438
0 0.544531 0.046875 0.023438 0.025000
0 0.479687 0.041406 0.025000 0.023438
0 0.352344 0.037500 0.026562 0.021875
0 0.417187 0.035937 0.025000 0.025000
0 0.286719 0.032813 0.026562 0.025000
0 0.223438 0.032813 0.025000 0.025000
0 0.162500 0.028906 0.025000 0.023438
0 0.049219 0.030469 0.026562 0.026562
0 0.103125 0.027344 0.021875 0.023438
0 0.391406 0.304688 0.039062 0.028125
0 0.896875 0.328125 0.037500 0.034375