0 0.419531 0.869531 0.035937 0.020313
0 0.518750 0.871875 0.028125 0.028125
0 0.470313 0.872656 0.025000 0.026562
0 0.350781 0.872656 0.039062 0.026562
0 0.288281 0.863281 0.020313 0.020313
0 0.223438 0.862500 0.018750 0.021875
0 0.112500 0.859375 0.021875 0.021875
0 0.164062 0.859375 0.015625 0.028125
0 0.051562 0.855469 0.031250 0.020313
0 0.960156 0.809375 0.023438 0.025000
0 0.898438 0.810937 0.025000 0.031250
0 0.847656 0.804688 0.014063 0.018750
0 0.715625 0.803906 0.034375 0.026562
0 0.779687 0.808594 0.021875 0.029687
0 0.646094 0.803125 0.023438 0.028125
0 0.588281 0.797656 0.020313 0.023438
0 0.529687 0.789062 0.021875 0.028125
0 0.474219 0.786719 0.020313 0.026562
0 0.415625 0.782813 0.018750 0.025000
0 0.353125 0.777344 0.021875 0.020313
0 0.293750 0.782813 0.021875 0.037500
0 0.229687 0.774219 0.025000 0.023438
0 0.170313 0.769531 0.025000 0.020313
0 0.111719 0.764844 0.020313 0.020313
0 0.052344 0.764062 0.023438 0.025000
0 0.986719 0.713281 0.017188 0.032813
0 0.932031 0.703906 0.017188 0.020313
0 0.796875 0.700000 0.018750 0.018750
0 0.746875 0.700000 0.021875 0.021875
0 0.861719 0.696875 0.023438 0.021875
0 0.682031 0.694531 0.029687 0.020313
0 0.627344 0.689844 0.023438 0.020313
0 0.500781 0.689063 0.020313 0.021875
0 0.555469 0.689063 0.023438 0.025000
0 0.440625 0.686719 0.025000 0.029687
0 0.310937 0.682031 0.028125 0.020313
0 0.382031 0.682813 0.023438 0.028125
0 0.183594 0.678125 0.026562 0.021875
0 0.257031 0.678906 0.029687 0.026562
0 0.123438 0.678125 0.021875 0.025000
0 0.060937 0.673438 0.028125 0.025000
0 0.938281 0.617969 0.014063 0.020313
0 0.873437 0.617969 0.021875 0.020313
0 0.753906 0.610156 0.017188 0.020313
0 0.692969 0.609375 0.017188 0.018750
0 0.445312 0.600781 0.015625 0.010937
0 0.509375 0.604688 0.015625 0.025000
0 0.384375 0.601562 0.018750 0.018750
0 0.632031 0.604688 0.017188 0.028125
0 0.567187 0.600000 0.021875 0.025000
0 0.324219 0.597656 0.026562 0.023438
0 0.193750 0.590625 0.021875 0.018750
0 0.117188 0.589063 0.031250 0.021875
0 0.082812 0.585156 0.031250 0.020313
0 0.262500 0.583594 0.018750 0.020313
0 0.817187 0.528906 0.021875 0.020313
0 0.757812 0.525781 0.018750 0.023438
0 0.951562 0.522656 0.021875 0.020313
0 0.882812 0.524219 0.025000 0.026562
0 0.699219 0.516406 0.032813 0.023438
0 0.637500 0.513281 0.025000 0.023438
0 0.515625 0.510938 0.021875 0.021875
0 0.575781 0.511719 0.017188 0.026562
0 0.459375 0.510156 0.021875 0.023438
0 0.392188 0.506250 0.018750 0.018750
0 0.328906 0.505469 0.029687 0.023438
0 0.272656 0.503125 0.029687 0.025000
0 0.141406 0.501563 0.020313 0.025000
0 0.203125 0.499219 0.021875 0.023438
0 0.078906 0.493750 0.029687 0.025000
0 0.021094 0.490625 0.017188 0.025000
0 0.754687 0.436719 0.018750 0.020313
0 0.950781 0.435937 0.020313 0.025000
0 0.818750 0.434375 0.031250 0.025000
0 0.700781 0.425781 0.026562 0.023438
0 0.641406 0.424219 0.026562 0.023438
0 0.459375 0.422656 0.021875 0.023438
0 0.578906 0.419531 0.020313 0.023438
0 0.390625 0.417969 0.031250 0.020313
0 0.519531 0.420312 0.023438 0.028125
0 0.332031 0.417969 0.032813 0.023438
0 0.202344 0.412500 0.023438 0.021875
0 0.269531 0.412500 0.026562 0.025000
0 0.138281 0.410938 0.026562 0.025000
0 0.084375 0.403125 0.021875 0.025000
0 0.023438 0.404687 0.028125 0.028125
0 0.949219 0.346875 0.020313 0.025000
0 0.889062 0.344531 0.025000 0.020313
0 0.762500 0.344531 0.028125 0.023438
0 0.825781 0.341406 0.023438 0.023438
0 0.700781 0.341406 0.023438 0.023438
0 0.641406 0.334375 0.023438 0.021875
0 0.582031 0.332031 0.023438 0.020313
0 0.520312 0.331250 0.028125 0.021875
0 0.335938 0.327344 0.021875 0.020313
0 0.271094 0.325000 0.026562 0.018750
0 0.213281 0.317969 0.020313 0.023438
0 0.089063 0.317969 0.021875 0.023438
0 0.151562 0.316406 0.018750 0.023438
0 0.026562 0.314844 0.025000 0.023438
0 0.455469 0.321875 0.042188 0.034375
0 0.952344 0.259375 0.026562 0.018750
0 0.825000 0.258594 0.025000 0.023438
0 0.891406 0.257812 0.032813 0.025000
0 0.702344 0.250000 0.042188 0.018750
0 0.766406 0.253125 0.026562 0.028125
0 0.647656 0.246094 0.023438 0.020313
0 0.589844 0.244531 0.023438 0.023438
0 0.403906 0.239844 0.032813 0.023438
0 0.527344 0.242188 0.026562 0.031250
0 0.471094 0.240625 0.023438 0.031250
0 0.343750 0.237500 0.028125 0.025000
0 0.273438 0.235156 0.034375 0.023438
0 0.152344 0.232813 0.029687 0.025000
0 0.213281 0.230469 0.026562 0.026562
0 0.029687 0.227344 0.031250 0.032813
0 0.089844 0.225000 0.035937 0.034375
0 0.903125 0.165625 0.018750 0.018750
0 0.836719 0.167187 0.035937 0.021875
0 0.964063 0.167969 0.025000 0.029687
0 0.776563 0.166406 0.028125 0.026562
0 0.713281 0.160156 0.026562 0.020313
0 0.652344 0.156250 0.029687 0.031250
0 0.536719 0.155469 0.026562 0.020313
0 0.597656 0.155469 0.023438 0.023438
0 0.477344 0.155469 0.039062 0.026562
0 0.350781 0.149219 0.026562 0.023438
0 0.289844 0.148438 0.020313 0.021875
0 0.415625 0.149219 0.031250 0.026562
0 0.225781 0.143750 0.023438 0.021875
0 0.164062 0.142969 0.025000 0.023438
0 0.098437 0.141406 0.025000 0.020313
0 0.035937 0.138281 0.031250 0.023438
0 0.960938 0.081250 0.034375 0.018750
0 0.841406 0.077344 0.023438 0.023438
0 0.782031 0.076563 0.023438 0.021875
0 0.910937 0.075781 0.037500 0.023438
0 0.717187 0.072656 0.028125 0.023438
0 0.656250 0.066406 0.028125 0.023438
0 0.539062 0.062500 0.021875 0.025000
0 0.478125 0.062500 0.025000 0.025000
0 0.598437 0.060937 0.021875 0.025000
0 0.411719 0.064062 0.026562 0.031250
0 0.352344 0.058594 0.029687 0.023438
0 0.283594 0.056250 0.035937 0.025000
0 0.226562 0.054688 0.025000 0.021875
0 0.106250 0.051562 0.018750 0.015625
0 0.166406 0.053906 0.017188 0.023438
0 0.044531 0.046875 0.023438 0.025000
0 0.954688 0.014844 0.028125 0.020313
0 0.396875 0.328125 0.037500 0.034375
0 0.883594 0.437500 0.042188 0.025000