0 0.018750 0.871875 0.028125 0.028125
0 0.893750 0.836719 0.021875 0.029687
0 0.767188 0.832812 0.025000 0.031250
0 0.947656 0.835938 0.023438 0.025000
0 0.834375 0.829688 0.018750 0.021875
0 0.713281 0.824219 0.029687 0.032813
0 0.578125 0.820312 0.015625 0.015625
0 0.635938 0.823438 0.021875 0.025000
0 0.517969 0.819531 0.020313 0.020313
0 0.460156 0.809375 0.023438 0.025000
0 0.398438 0.810937 0.025000 0.031250
0 0.347656 0.804688 0.014063 0.018750
0 0.215625 0.803906 0.034375 0.026562
0 0.279687 0.808594 0.021875 0.029687
0 0.146094 0.803125 0.023438 0.028125
0 0.088281 0.797656 0.020313 0.023438
0 0.029687 0.789062 0.021875 0.028125
0 0.853125 0.728906 0.015625 0.020313
0 0.921875 0.727344 0.018750 0.020313
0 0.746875 0.720313 0.028125 0.037500
0 0.980469 0.727344 0.020313 0.026562
0 0.671094 0.721875 0.020313 0.018750
0 0.796875 0.720313 0.021875 0.018750
0 0.600781 0.716406 0.032813 0.035937
0 0.540625 0.709375 0.018750 0.018750
0 0.486719 0.713281 0.017188 0.032813
0 0.432031 0.703906 0.017188 0.020313
0 0.296875 0.700000 0.018750 0.018750
0 0.246875 0.700000 0.021875 0.021875
0 0.361719 0.696875 0.023438 0.021875
0 0.182031 0.694531 0.029687 0.020313
0 0.127344 0.689844 0.023438 0.020313
0 0.055469 0.689063 0.023438 0.025000
0 0.985156 0.645312 0.017188 0.021875
0 0.925000 0.634375 0.021875 0.018750
0 0.735156 0.632812 0.020313 0.018750
0 0.554688 0.620313 0.028125 0.028125
0 0.855469 0.634375 0.029687 0.025000
0 0.614062 0.625000 0.015625 0.018750
0 0.675781 0.628125 0.017188 0.021875
0 0.500000 0.625000 0.021875 0.025000
0 0.438281 0.617969 0.014063 0.020313
0 0.373437 0.617969 0.021875 0.020313
0 0.253906 0.610156 0.017188 0.020313
0 0.192969 0.609375 0.017188 0.018750
0 0.009375 0.604688 0.015625 0.025000
0 0.132031 0.604688 0.017188 0.028125
0 0.067187 0.600000 0.021875 0.025000
0 0.935937 0.546875 0.025000 0.021875
0 0.872656 0.542969 0.023438 0.020313
0 0.749219 0.542188 0.023438 0.021875
0 0.687500 0.540625 0.028125 0.021875
0 0.809375 0.540625 0.025000 0.028125
0 0.622656 0.535937 0.023438 0.028125
0 0.561719 0.528906 0.017188 0.017188
0 0.507031 0.529687 0.014063 0.018750
0 0.317188 0.528906 0.021875 0.020313
0 0.257812 0.525781 0.018750 0.023438
0 0.451562 0.522656 0.021875 0.020313
0 0.382812 0.524219 0.025000 0.026562
0 0.199219 0.516406 0.032813 0.023438
0 0.137500 0.513281 0.025000 0.023438
0 0.015625 0.510938 0.021875 0.021875
0 0.075781 0.511719 0.017188 0.026562
0 0.939063 0.459375 0.021875 0.025000
0 0.875781 0.457031 0.023438 0.023438
0 0.815625 0.454688 0.025000 0.021875
0 0.527344 0.444531 0.001563 0.001563
0 0.751563 0.452344 0.025000 0.023438
0 0.624219 0.450781 0.020313 0.023438
0 0.558594 0.448437 0.032813 0.018750
0 0.689063 0.445312 0.018750 0.021875
0 0.508594 0.442969 0.032813 0.020313
0 0.254688 0.436719 0.018750 0.020313
0 0.450781 0.435937 0.020313 0.025000
0 0.318750 0.434375 0.031250 0.025000
0 0.200781 0.425781 0.026562 0.023438
0 0.141406 0.424219 0.026562 0.023438
0 0.078906 0.419531 0.020313 0.023438
0 0.019531 0.420312 0.023438 0.028125
0 0.942187 0.371094 0.034375 0.026562
0 0.878906 0.365625 0.026562 0.021875
0 0.817187 0.366406 0.021875 0.023438
0 0.755469 0.360156 0.020313 0.020313
0 0.692969 0.353125 0.023438 0.018750
0 0.508594 0.353125 0.023438 0.021875
0 0.628125 0.358594 0.021875 0.023438
0 0.449219 0.346875 0.020313 0.025000
0 0.389062 0.344531 0.025000 0.020313
0 0.262500 0.344531 0.028125 0.023438
0 0.325781 0.341406 0.023438 0.023438
0 0.200781 0.341406 0.023438 0.023438
0 0.141406 0.334375 0.023438 0.021875
0 0.082031 0.332031 0.023438 0.020313
0 0.020313 0.331250 0.028125 0.021875
0 0.820312 0.275781 0.025000 0.020313
0 0.946094 0.278125 0.029687 0.028125
0 0.884375 0.276562 0.025000 0.025000
0 0.757031 0.275000 0.026562 0.021875
0 0.686719 0.270313 0.032813 0.025000
0 0.509375 0.264062 0.025000 0.018750
0 0.570312 0.269531 0.028125 0.032813
0 0.635156 0.264844 0.026562 0.026562
0 0.452344 0.259375 0.026562 0.018750
0 0.325000 0.258594 0.025000 0.023438
0 0.391406 0.257812 0.032813 0.025000
0 0.202344 0.250000 0.042188 0.018750
0 0.266406 0.253125 0.026562 0.028125
0 0.147656 0.246094 0.023438 0.020313
0 0.089844 0.244531 0.023438 0.023438
0 0.027344 0.242188 0.026562 0.031250
0 0.707031 0.187500 0.023438 0.031250
0 0.958594 0.191406 0.023438 0.023438
0 0.901563 0.187500 0.028125 0.021875
0 0.833594 0.188281 0.020313 0.023438
0 0.768750 0.179688 0.028125 0.025000
0 0.650781 0.181250 0.029687 0.021875
0 0.587500 0.178906 0.025000 0.020313
0 0.528125 0.172656 0.025000 0.020313
0 0.403125 0.165625 0.018750 0.018750
0 0.336719 0.167187 0.035937 0.021875
0 0.464062 0.167969 0.025000 0.029687
0 0.276562 0.166406 0.028125 0.026562
0 0.213281 0.160156 0.026562 0.020313
0 0.152344 0.156250 0.029687 0.031250
0 0.036719 0.155469 0.026562 0.020313
0 0.097656 0.155469 0.023438 0.023438
0 0.957031 0.103125 0.023438 0.025000
0 0.897656 0.099219 0.026562 0.026562
0 0.837500 0.097656 0.031250 0.023438
0 0.770312 0.096875 0.028125 0.028125
0 0.649219 0.091406 0.020313 0.023438
0 0.710156 0.089844 0.029687 0.026562
0 0.586719 0.088281 0.023438 0.026562
0 0.523438 0.086719 0.021875 0.023438
0 0.460938 0.081250 0.034375 0.018750
0 0.341406 0.077344 0.023438 0.023438
0 0.282031 0.076563 0.023438 0.021875
0 0.410938 0.075781 0.037500 0.023438
0 0.217188 0.072656 0.028125 0.023438
0 0.156250 0.066406 0.028125 0.023438
0 0.039062 0.062500 0.021875 0.025000
0 0.098437 0.060937 0.021875 0.025000
0 0.945312 0.022656 0.025000 0.017188
0 0.885156 0.024219 0.020313 0.020313
0 0.516406 0.016406 0.020313 0.023438
0 0.822656 0.018750 0.026562 0.021875
0 0.575000 0.016406 0.034375 0.026562
0 0.757031 0.015625 0.026562 0.021875
0 0.454688 0.014844 0.028125 0.020313
0 0.695312 0.013281 0.021875 0.020313
0 0.564844 0.360156 0.032813 0.026562
0 0.383594 0.437500 0.042188 0.025000