0 0.821875 0.846094 0.018750 0.020313
0 0.878125 0.847656 0.015625 0.026562
0 0.698438 0.841406 0.018750 0.017188
0 0.759375 0.841406 0.021875 0.020313
0 0.507031 0.840625 0.017188 0.018750
0 0.641406 0.838281 0.017188 0.023438
0 0.393750 0.836719 0.021875 0.029687
0 0.267188 0.832812 0.025000 0.031250
0 0.447656 0.835938 0.023438 0.025000
0 0.569531 0.835938 0.023438 0.031250
0 0.334375 0.829688 0.018750 0.021875
0 0.213281 0.824219 0.029687 0.032813
0 0.078125 0.820312 0.015625 0.015625
0 0.135937 0.823438 0.021875 0.025000
0 0.017969 0.819531 0.020313 0.020313
0 0.723437 0.741406 0.015625 0.017188
0 0.787500 0.740625 0.018750 0.018750
0 0.596875 0.735938 0.025000 0.028125
0 0.850000 0.739844 0.025000 0.023438
0 0.660156 0.738281 0.020313 0.020313
0 0.535156 0.732812 0.017188 0.025000
0 0.353125 0.728906 0.015625 0.020313
0 0.421875 0.727344 0.018750 0.020313
0 0.246875 0.720313 0.028125 0.037500
0 0.480469 0.727344 0.020313 0.026562
0 0.171094 0.721875 0.020313 0.018750
0 0.296875 0.720313 0.021875 0.018750
0 0.100781 0.716406 0.032813 0.035937
0 0.040625 0.709375 0.018750 0.018750
0 0.851562 0.651563 0.021875 0.025000
0 0.796094 0.651563 0.017188 0.025000
0 0.670312 0.655469 0.021875 0.032813
0 0.607031 0.648438 0.020313 0.018750
0 0.485156 0.645312 0.017188 0.021875
0 0.728125 0.643750 0.025000 0.025000
0 0.539844 0.642969 0.026562 0.023438
0 0.425000 0.634375 0.021875 0.018750
0 0.235156 0.632812 0.020313 0.018750
0 0.054688 0.620313 0.028125 0.028125
0 0.355469 0.634375 0.029687 0.025000
0 0.114062 0.625000 0.015625 0.018750
0 0.175781 0.628125 0.017188 0.021875
0 0.857812 0.570312 0.015625 0.018750
0 0.739844 0.563281 0.017188 0.017188
0 0.677344 0.561719 0.020313 0.023438
0 0.610938 0.559375 0.025000 0.018750
0 0.800781 0.559375 0.023438 0.021875
0 0.554688 0.557813 0.025000 0.018750
0 0.491406 0.551562 0.023438 0.018750
0 0.435937 0.546875 0.025000 0.021875
0 0.372656 0.542969 0.023438 0.020313
0 0.249219 0.542188 0.023438 0.021875
0 0.187500 0.540625 0.028125 0.021875
0 0.309375 0.540625 0.025000 0.028125
0 0.122656 0.535937 0.023438 0.028125
0 0.061719 0.528906 0.017188 0.017188
0 0.884375 0.475000 0.003125 0.003125
0 0.865625 0.478125 0.028125 0.021875
0 0.741406 0.474219 0.020313 0.026562
0 0.673438 0.474219 0.021875 0.026562
0 0.804688 0.470313 0.021875 0.021875
0 0.612500 0.467187 0.015625 0.018750
0 0.554688 0.465625 0.021875 0.021875
0 0.492969 0.461719 0.023438 0.020313
0 0.439063 0.459375 0.021875 0.025000
0 0.375781 0.457031 0.023438 0.023438
0 0.315625 0.454688 0.025000 0.021875
0 0.027344 0.444531 0.001563 0.001563
0 0.251563 0.452344 0.025000 0.023438
0 0.124219 0.450781 0.020313 0.023438
0 0.058594 0.448437 0.032813 0.018750
0 0.189062 0.445312 0.018750 0.021875
0 0.863281 0.389062 0.026562 0.021875
0 0.745313 0.383594 0.021875 0.020313
0 0.803906 0.384375 0.029687 0.025000
0 0.614062 0.381250 0.021875 0.018750
0 0.682031 0.378906 0.023438 0.020313
0 0.499219 0.374219 0.029687 0.023438
0 0.565625 0.372656 0.015625 0.023438
0 0.442188 0.371094 0.034375 0.026562
0 0.378906 0.365625 0.026562 0.021875
0 0.317188 0.366406 0.021875 0.023438
0 0.255469 0.360156 0.020313 0.020313
0 0.192969 0.353125 0.023438 0.018750
0 0.128125 0.358594 0.021875 0.023438
0 0.871875 0.295312 0.028125 0.021875
0 0.746875 0.293750 0.021875 0.018750
0 0.628906 0.289844 0.023438 0.026562
0 0.809375 0.294531 0.018750 0.023438
0 0.686719 0.294531 0.020313 0.026562
0 0.567969 0.285156 0.023438 0.020313
0 0.503906 0.284375 0.029687 0.028125
0 0.320312 0.275781 0.025000 0.020313
0 0.446094 0.278125 0.029687 0.028125
0 0.384375 0.276562 0.025000 0.025000
0 0.257031 0.275000 0.026562 0.021875
0 0.186719 0.270313 0.032813 0.025000
0 0.070312 0.269531 0.028125 0.032813
0 0.135156 0.264844 0.026562 0.026562
0 0.760156 0.208594 0.020313 0.017188
0 0.627344 0.197656 0.001563 0.001563
0 0.875000 0.207031 0.021875 0.023438
0 0.819531 0.207813 0.020313 0.025000
0 0.641406 0.203125 0.023438 0.018750
0 0.696875 0.203125 0.031250 0.021875
0 0.581250 0.194531 0.021875 0.020313
0 0.516406 0.197656 0.023438 0.026562
0 0.207031 0.187500 0.023438 0.031250
0 0.458594 0.191406 0.023438 0.023438
0 0.401562 0.187500 0.028125 0.021875
0 0.333594 0.188281 0.020313 0.023438
0 0.268750 0.179688 0.028125 0.025000
0 0.150781 0.181250 0.029687 0.021875
0 0.087500 0.178906 0.025000 0.020313
0 0.028125 0.172656 0.025000 0.020313
0 0.703125 0.117188 0.015625 0.018750
0 0.639062 0.114844 0.015625 0.014063
0 0.759375 0.119531 0.021875 0.026562
0 0.580469 0.115625 0.020313 0.018750
0 0.878906 0.117188 0.014063 0.025000
0 0.820312 0.114844 0.025000 0.023438
0 0.514062 0.108594 0.021875 0.020313
0 0.457031 0.103125 0.023438 0.025000
0 0.397656 0.099219 0.026562 0.026562
0 0.337500 0.097656 0.031250 0.023438
0 0.270313 0.096875 0.028125 0.028125
0 0.149219 0.091406 0.020313 0.023438
0 0.210156 0.089844 0.029687 0.026562
0 0.086719 0.088281 0.023438 0.026562
0 0.023438 0.086719 0.021875 0.023438
0 0.873437 0.044531 0.025000 0.014063
0 0.817969 0.042969 0.020313 0.023438
0 0.750781 0.036719 0.023438 0.023438
0 0.625781 0.032031 0.014063 0.020313
0 0.571875 0.031250 0.018750 0.018750
0 0.686719 0.032031 0.026562 0.026562
0 0.509375 0.027344 0.025000 0.020313
0 0.445312 0.022656 0.025000 0.017188
0 0.385156 0.024219 0.020313 0.020313
0 0.016406 0.016406 0.020313 0.023438
0 0.322656 0.018750 0.026562 0.021875
0 0.075000 0.016406 0.034375 0.026562
0 0.257031 0.015625 0.026562 0.021875
0 0.195312 0.013281 0.021875 0.020313
0 0.064844 0.360156 0.032813 0.026562