0 0.321875 0.846094 0.018750 0.020313
0 0.378125 0.847656 0.015625 0.026562
0 0.198437 0.841406 0.018750 0.017188
0 0.259375 0.841406 0.021875 0.020313
0 0.141406 0.838281 0.017188 0.023438
0 0.069531 0.835938 0.023438 0.031250
0 0.223438 0.741406 0.015625 0.017188
0 0.287500 0.740625 0.018750 0.018750
0 0.096875 0.735938 0.025000 0.028125
0 0.350000 0.739844 0.025000 0.023438
0 0.160156 0.738281 0.020313 0.020313
0 0.035156 0.732812 0.017188 0.025000
0 0.351562 0.651563 0.021875 0.025000
0 0.296094 0.651563 0.017188 0.025000
0 0.170313 0.655469 0.021875 0.032813
0 0.107031 0.648438 0.020313 0.018750
0 0.228125 0.643750 0.025000 0.025000
0 0.039844 0.642969 0.026562 0.023438
0 0.357812 0.570312 0.015625 0.018750
0 0.239844 0.563281 0.017188 0.017188
0 0.177344 0.561719 0.020313 0.023438
0 0.110937 0.559375 0.025000 0.018750
0 0.300781 0.559375 0.023438 0.021875
0 0.054688 0.557813 0.025000 0.018750
0 0.384375 0.475000 0.003125 0.003125
0 0.365625 0.478125 0.028125 0.021875
0 0.241406 0.474219 0.020313 0.026562
0 0.173437 0.474219 0.021875 0.026562
0 0.304688 0.470313 0.021875 0.021875
0 0.112500 0.467187 0.015625 0.018750
0 0.054688 0.465625 0.021875 0.021875
0 0.363281 0.389062 0.026562 0.021875
0 0.245312 0.383594 0.021875 0.020313
0 0.303906 0.384375 0.029687 0.025000
0 0.114062 0.381250 0.021875 0.018750
0 0.182031 0.378906 0.023438 0.020313
0 0.065625 0.372656 0.015625 0.023438
0 0.371875 0.295312 0.028125 0.021875
0 0.246875 0.293750 0.021875 0.018750
0 0.128906 0.289844 0.023438 0.026562
0 0.309375 0.294531 0.018750 0.023438
0 0.186719 0.294531 0.020313 0.026562
0 0.067969 0.285156 0.023438 0.020313
0 0.260156 0.208594 0.020313 0.017188
0 0.127344 0.197656 0.001563 0.001563
0 0.375000 0.207031 0.021875 0.023438
0 0.319531 0.207813 0.020313 0.025000
0 0.141406 0.203125 0.023438 0.018750
0 0.196875 0.203125 0.031250 0.021875
0 0.081250 0.194531 0.021875 0.020313
0 0.016406 0.197656 0.023438 0.026562
0 0.203125 0.117188 0.015625 0.018750
0 0.139063 0.114844 0.015625 0.014063
0 0.259375 0.119531 0.021875 0.026562
0 0.080469 0.115625 0.020313 0.018750
0 0.378906 0.117188 0.014063 0.025000
0 0.320312 0.114844 0.025000 0.023438
0 0.014063 0.108594 0.021875 0.020313
0 0.373437 0.044531 0.025000 0.014063
0 0.317969 0.042969 0.020313 0.023438
0 0.250781 0.036719 0.023438 0.023438
0 0.125781 0.032031 0.014063 0.020313
0 0.071875 0.031250 0.018750 0.018750
0 0.186719 0.032031 0.026562 0.026562