0 0.919531 0.369531 0.035937 0.020313
0 0.970313 0.372656 0.025000 0.026562
0 0.850781 0.372656 0.039062 0.026562
0 0.788281 0.363281 0.020313 0.020313
0 0.723437 0.362500 0.018750 0.021875
0 0.612500 0.359375 0.021875 0.021875
0 0.664062 0.359375 0.015625 0.028125
0 0.551562 0.355469 0.031250 0.020313
0 0.487500 0.353125 0.025000 0.021875
0 0.421094 0.352344 0.020313 0.020313
0 0.353125 0.348438 0.018750 0.018750
0 0.292187 0.349219 0.028125 0.023438
0 0.114844 0.346875 0.026562 0.018750
0 0.232813 0.346094 0.021875 0.026562
0 0.175000 0.339844 0.018750 0.020313
0 0.045312 0.338281 0.028125 0.020313
0 0.974219 0.286719 0.020313 0.026562
0 0.915625 0.282813 0.018750 0.025000
0 0.853125 0.277344 0.021875 0.020313
0 0.793750 0.282813 0.021875 0.037500
0 0.729688 0.274219 0.025000 0.023438
0 0.670312 0.269531 0.025000 0.020313
0 0.493750 0.261719 0.028125 0.023438
0 0.611719 0.264844 0.020313 0.020313
0 0.552344 0.264062 0.023438 0.025000
0 0.364844 0.259375 0.017188 0.015625
0 0.416406 0.260156 0.023438 0.020313
0 0.303125 0.252344 0.028125 0.023438
0 0.171094 0.250781 0.039062 0.023438
0 0.053125 0.245312 0.021875 0.018750
0 0.239063 0.246875 0.021875 0.025000
0 0.117969 0.245312 0.023438 0.025000
0 0.940625 0.186719 0.025000 0.029687
0 0.810937 0.182031 0.028125 0.020313
0 0.882031 0.182812 0.023438 0.028125
0 0.683594 0.178125 0.026562 0.021875
0 0.757031 0.178906 0.029687 0.026562
0 0.623437 0.178125 0.021875 0.025000
0 0.560937 0.173437 0.028125 0.025000
0 0.507812 0.167969 0.021875 0.023438
0 0.384375 0.165625 0.018750 0.025000
0 0.443750 0.167969 0.025000 0.032813
0 0.319531 0.158594 0.020313 0.023438
0 0.260156 0.159375 0.020313 0.025000
0 0.136719 0.153906 0.023438 0.020313
0 0.200781 0.153125 0.026562 0.021875
0 0.010156 0.150781 0.017188 0.023438
0 0.071094 0.149219 0.023438 0.023438
0 0.945312 0.100781 0.015625 0.010937
0 0.884375 0.101562 0.018750 0.018750
0 0.824219 0.097656 0.026562 0.023438
0 0.693750 0.090625 0.021875 0.018750
0 0.617188 0.089063 0.031250 0.021875
0 0.582812 0.085156 0.031250 0.020313
0 0.762500 0.083594 0.018750 0.020313
0 0.514062 0.079687 0.028125 0.025000
0 0.453125 0.075781 0.025000 0.020313
0 0.389062 0.076563 0.018750 0.021875
0 0.332031 0.073438 0.039062 0.021875
0 0.011719 0.064844 0.020313 0.010937
0 0.262500 0.069531 0.034375 0.023438
0 0.205469 0.066406 0.023438 0.020313
0 0.142969 0.067187 0.020313 0.021875
0 0.077344 0.065625 0.020313 0.021875