0 0.419531 0.369531 0.035937 0.020313
0 0.518750 0.371875 0.028125 0.028125
0 0.470313 0.372656 0.025000 0.026562
0 0.350781 0.372656 0.039062 0.026562
0 0.288281 0.363281 0.020313 0.020313
0 0.223438 0.362500 0.018750 0.021875
0 0.112500 0.359375 0.021875 0.021875
0 0.164062 0.359375 0.015625 0.028125
0 0.051562 0.355469 0.031250 0.020313
0 0.960156 0.309375 0.023438 0.025000
0 0.898438 0.310937 0.025000 0.031250
0 0.847656 0.304688 0.014063 0.018750
0 0.715625 0.303906 0.034375 0.026562
0 0.779687 0.308594 0.021875 0.029687
0 0.646094 0.303125 0.023438 0.028125
0 0.588281 0.297656 0.020313 0.023438
0 0.529687 0.289062 0.021875 0.028125
0 0.474219 0.286719 0.020313 0.026562
0 0.415625 0.282813 0.018750 0.025000
0 0.353125 0.277344 0.021875 0.020313
0 0.293750 0.282813 0.021875 0.037500
0 0.229687 0.274219 0.025000 0.023438
0 0.170313 0.269531 0.025000 0.020313
0 0.111719 0.264844 0.020313 0.020313
0 0.052344 0.264062 0.023438 0.025000
0 0.986719 0.213281 0.017188 0.032813
0 0.932031 0.203906 0.017188 0.020313
0 0.796875 0.200000 0.018750 0.018750
0 0.746875 0.200000 0.021875 0.021875
0 0.861719 0.196875 0.023438 0.021875
0 0.682031 0.194531 0.029687 0.020313
0 0.627344 0.189844 0.023438 0.020313
0 0.500781 0.189062 0.020313 0.021875
0 0.555469 0.189062 0.023438 0.025000
0 0.440625 0.186719 0.025000 0.029687
0 0.310937 0.182031 0.028125 0.020313
0 0.382031 0.182812 0.023438 0.028125
0 0.183594 0.178125 0.026562 0.021875
0 0.257031 0.178906 0.029687 0.026562
0 0.123438 0.178125 0.021875 0.025000
0 0.060937 0.173437 0.028125 0.025000
0 0.938281 0.117969 0.014063 0.020313
0 0.873437 0.117969 0.021875 0.020313
0 0.753906 0.110156 0.017188 0.020313
0 0.692969 0.109375 0.017188 0.018750
0 0.445312 0.100781 0.015625 0.010937
0 0.509375 0.104688 0.015625 0.025000
0 0.384375 0.101562 0.018750 0.018750
0 0.632031 0.104688 0.017188 0.028125
0 0.567187 0.100000 0.021875 0.025000
0 0.324219 0.097656 0.026562 0.023438
0 0.193750 0.090625 0.021875 0.018750
0 0.117188 0.089063 0.031250 0.021875
0 0.082812 0.085156 0.031250 0.020313
0 0.262500 0.083594 0.018750 0.020313
0 0.817187 0.028906 0.021875 0.020313
0 0.757812 0.025781 0.018750 0.023438
0 0.951562 0.022656 0.021875 0.020313
0 0.882812 0.024219 0.025000 0.026562
0 0.699219 0.016406 0.032813 0.023438
0 0.637500 0.013281 0.025000 0.023438