0 0.018750 0.371875 0.028125 0.028125
0 0.893750 0.336719 0.021875 0.029687
0 0.767188 0.332813 0.025000 0.031250
0 0.947656 0.335938 0.023438 0.025000
0 0.834375 0.329688 0.018750 0.021875
0 0.713281 0.324219 0.029687 0.032813
0 0.578125 0.320312 0.015625 0.015625
0 0.635938 0.323437 0.021875 0.025000
0 0.517969 0.319531 0.020313 0.020313
0 0.460156 0.309375 0.023438 0.025000
0 0.398438 0.310937 0.025000 0.031250
0 0.347656 0.304688 0.014063 0.018750
0 0.215625 0.303906 0.034375 0.026562
0 0.279687 0.308594 0.021875 0.029687
0 0.146094 0.303125 0.023438 0.028125
0 0.088281 0.297656 0.020313 0.023438
0 0.029687 0.289062 0.021875 0.028125
0 0.853125 0.228906 0.015625 0.020313
0 0.921875 0.227344 0.018750 0.020313
0 0.746875 0.220312 0.028125 0.037500
0 0.980469 0.227344 0.020313 0.026562
0 0.671094 0.221875 0.020313 0.018750
0 0.796875 0.220312 0.021875 0.018750
0 0.600781 0.216406 0.032813 0.035937
0 0.540625 0.209375 0.018750 0.018750
0 0.486719 0.213281 0.017188 0.032813
0 0.432031 0.203906 0.017188 0.020313
0 0.296875 0.200000 0.018750 0.018750
0 0.246875 0.200000 0.021875 0.021875
0 0.361719 0.196875 0.023438 0.021875
0 0.182031 0.194531 0.029687 0.020313
0 0.127344 0.189844 0.023438 0.020313
0 0.055469 0.189062 0.023438 0.025000
0 0.985156 0.145313 0.017188 0.021875
0 0.925000 0.134375 0.021875 0.018750
0 0.735156 0.132812 0.020313 0.018750
0 0.554688 0.120313 0.028125 0.028125
0 0.855469 0.134375 0.029687 0.025000
0 0.614062 0.125000 0.015625 0.018750
0 0.675781 0.128125 0.017188 0.021875
0 0.500000 0.125000 0.021875 0.025000
0 0.438281 0.117969 0.014063 0.020313
0 0.373437 0.117969 0.021875 0.020313
0 0.253906 0.110156 0.017188 0.020313
0 0.192969 0.109375 0.017188 0.018750
0 0.009375 0.104688 0.015625 0.025000
0 0.132031 0.104688 0.017188 0.028125
0 0.067187 0.100000 0.021875 0.025000
0 0.935937 0.046875 0.025000 0.021875
0 0.872656 0.042969 0.023438 0.020313
0 0.749219 0.042188 0.023438 0.021875
0 0.687500 0.040625 0.028125 0.021875
0 0.809375 0.040625 0.025000 0.028125
0 0.622656 0.035937 0.023438 0.028125
0 0.561719 0.028906 0.017188 0.017188
0 0.507031 0.029687 0.014063 0.018750
0 0.317188 0.028906 0.021875 0.020313
0 0.257812 0.025781 0.018750 0.023438
0 0.451562 0.022656 0.021875 0.020313
0 0.382812 0.024219 0.025000 0.026562
0 0.199219 0.016406 0.032813 0.023438
0 0.137500 0.013281 0.025000 0.023438