0 0.821875 0.346094 0.018750 0.020313
0 0.878125 0.347656 0.015625 0.026562
0 0.698438 0.341406 0.018750 0.017188
0 0.759375 0.341406 0.021875 0.020313
0 0.507031 0.340625 0.017188 0.018750
0 0.641406 0.338281 0.017188 0.023438
0 0.393750 0.336719 0.021875 0.029687
0 0.267188 0.332813 0.025000 0.031250
0 0.447656 0.335938 0.023438 0.025000
0 0.569531 0.335938 0.023438 0.031250
0 0.334375 0.329688 0.018750 0.021875
0 0.213281 0.324219 0.029687 0.032813
0 0.078125 0.320312 0.015625 0.015625
0 0.135937 0.323437 0.021875 0.025000
0 0.017969 0.319531 0.020313 0.020313
0 0.723437 0.241406 0.015625 0.017188
0 0.787500 0.240625 0.018750 0.018750
0 0.596875 0.235937 0.025000 0.028125
0 0.850000 0.239844 0.025000 0.023438
0 0.660156 0.238281 0.020313 0.020313
0 0.535156 0.232813 0.017188 0.025000
0 0.353125 0.228906 0.015625 0.020313
0 0.421875 0.227344 0.018750 0.020313
0 0.246875 0.220312 0.028125 0.037500
0 0.480469 0.227344 0.020313 0.026562
0 0.171094 0.221875 0.020313 0.018750
0 0.296875 0.220312 0.021875 0.018750
0 0.100781 0.216406 0.032813 0.035937
0 0.040625 0.209375 0.018750 0.018750
0 0.851562 0.151562 0.021875 0.025000
0 0.796094 0.151562 0.017188 0.025000
0 0.670312 0.155469 0.021875 0.032813
0 0.607031 0.148438 0.020313 0.018750
0 0.485156 0.145313 0.017188 0.021875
0 0.728125 0.143750 0.025000 0.025000
0 0.539844 0.142969 0.026562 0.023438
0 0.425000 0.134375 0.021875 0.018750
0 0.235156 0.132812 0.020313 0.018750
0 0.054688 0.120313 0.028125 0.028125
0 0.355469 0.134375 0.029687 0.025000
0 0.114062 0.125000 0.015625 0.018750
0 0.175781 0.128125 0.017188 0.021875
0 0.857812 0.070312 0.015625 0.018750
0 0.739844 0.063281 0.017188 0.017188
0 0.677344 0.061719 0.020313 0.023438
0 0.610938 0.059375 0.025000 0.018750
0 0.800781 0.059375 0.023438 0.021875
0 0.554688 0.057813 0.025000 0.018750
0 0.491406 0.051562 0.023438 0.018750
0 0.435937 0.046875 0.025000 0.021875
0 0.372656 0.042969 0.023438 0.020313
0 0.249219 0.042188 0.023438 0.021875
0 0.187500 0.040625 0.028125 0.021875
0 0.309375 0.040625 0.025000 0.028125
0 0.122656 0.035937 0.023438 0.028125
0 0.061719 0.028906 0.017188 0.017188