0 0.196094 0.982812 0.023438 0.021875
0 0.135937 0.978906 0.025000 0.026562
0 0.075000 0.973437 0.025000 0.031250
0 0.379688 0.900781 0.012500 0.020313
0 0.325000 0.898438 0.028125 0.021875
0 0.267969 0.896094 0.045312 0.042188
0 0.135937 0.888281 0.028125 0.029687
0 0.070312 0.891406 0.031250 0.032813
0 0.205469 0.887500 0.029687 0.028125
0 0.012500 0.888281 0.021875 0.020313
0 0.272656 0.807031 0.029687 0.026562
0 0.212500 0.807031 0.025000 0.017188
0 0.328906 0.809375 0.026562 0.025000
0 0.019531 0.796875 0.029687 0.031250
0 0.146094 0.797656 0.032813 0.029687
0 0.082812 0.797656 0.034375 0.032813
0 0.332813 0.721875 0.018750 0.021875
0 0.271875 0.714063 0.028125 0.031250
0 0.085938 0.706250 0.043750 0.031250
0 0.150000 0.709375 0.034375 0.040625
0 0.213281 0.711719 0.020313 0.023438
0 0.025781 0.707812 0.035937 0.043750
0 0.085938 0.622656 0.031250 0.029687
0 0.272656 0.632031 0.026562 0.026562
0 0.214062 0.627344 0.034375 0.035937
0 0.029687 0.619531 0.018750 0.020313
0 0.146875 0.535156 0.031250 0.035937
0 0.278906 0.540625 0.026562 0.025000
0 0.330469 0.538281 0.029687 0.023438
0 0.217188 0.534375 0.028125 0.025000
0 0.090625 0.523438 0.040625 0.037500
0 0.032813 0.525000 0.021875 0.018750
0 0.342187 0.451562 0.037500 0.025000
0 0.233594 0.442969 0.032813 0.035937
0 0.282813 0.449219 0.021875 0.023438
0 0.155469 0.441406 0.032813 0.035937
0 0.035937 0.435156 0.028125 0.029687
0 0.291406 0.360156 0.029687 0.020313
0 0.342187 0.360938 0.037500 0.025000
0 0.032031 0.343750 0.029687 0.031250
0 0.378906 0.264062 0.014063 0.034375
0 0.264844 0.265625 0.023438 0.018750
0 0.135937 0.262500 0.028125 0.018750
0 0.200000 0.261719 0.028125 0.020313
0 0.325781 0.264844 0.020313 0.032813
0 0.082031 0.254688 0.026562 0.021875
0 0.022656 0.254688 0.026562 0.028125
0 0.135937 0.169531 0.031250 0.032813
0 0.331250 0.175781 0.021875 0.023438
0 0.200000 0.176563 0.025000 0.025000
0 0.271094 0.175000 0.029687 0.028125
0 0.085156 0.171875 0.029687 0.031250
0 0.025000 0.164844 0.037500 0.032813
0 0.215625 0.084375 0.021875 0.018750
0 0.280469 0.084375 0.023438 0.025000
0 0.096094 0.078906 0.023438 0.020313
0 0.031250 0.077344 0.031250 0.023438
0 0.348438 0.007031 0.018750 0.010937
0 0.278906 0.009375 0.017188 0.015625
0 0.215625 0.010156 0.031250 0.017188
0 0.096094 0.353125 0.039062 0.034375
0 0.222656 0.357031 0.048438 0.029687