0 0.321875 0.346094 0.018750 0.020313
0 0.378125 0.347656 0.015625 0.026562
0 0.198437 0.341406 0.018750 0.017188
0 0.259375 0.341406 0.021875 0.020313
0 0.141406 0.338281 0.017188 0.023438
0 0.069531 0.335938 0.023438 0.031250
0 0.223438 0.241406 0.015625 0.017188
0 0.287500 0.240625 0.018750 0.018750
0 0.096875 0.235937 0.025000 0.028125
0 0.350000 0.239844 0.025000 0.023438
0 0.160156 0.238281 0.020313 0.020313
0 0.035156 0.232813 0.017188 0.025000
0 0.351562 0.151562 0.021875 0.025000
0 0.296094 0.151562 0.017188 0.025000
0 0.170313 0.155469 0.021875 0.032813
0 0.107031 0.148438 0.020313 0.018750
0 0.228125 0.143750 0.025000 0.025000
0 0.039844 0.142969 0.026562 0.023438
0 0.357812 0.070312 0.015625 0.018750
0 0.239844 0.063281 0.017188 0.017188
0 0.177344 0.061719 0.020313 0.023438
0 0.110937 0.059375 0.025000 0.018750
0 0.300781 0.059375 0.023438 0.021875
0 0.054688 0.057813 0.025000 0.018750