0 0.764062 0.971875 0.012500 0.015625
0 0.700781 0.970313 0.020313 0.018750
0 0.823438 0.967187 0.018750 0.018750
0 0.637500 0.963281 0.025000 0.029687
0 0.954688 0.963281 0.012500 0.014063
0 0.575781 0.957812 0.026562 0.031250
0 0.516406 0.950000 0.017188 0.012500
0 0.455469 0.948438 0.029687 0.025000
0 0.387500 0.943750 0.018750 0.018750
0 0.330469 0.936719 0.010937 0.010937
0 0.263281 0.937500 0.017188 0.018750
0 0.203125 0.935156 0.015625 0.020313
0 0.141406 0.928906 0.020313 0.020313
0 0.012500 0.921094 0.021875 0.014063
0 0.955469 0.882031 0.014063 0.020313
0 0.893750 0.880469 0.015625 0.017188
0 0.829688 0.878125 0.028125 0.018750
0 0.701562 0.875781 0.012500 0.014063
0 0.763281 0.877344 0.020313 0.020313
0 0.641406 0.872656 0.017188 0.020313
0 0.577344 0.865625 0.020313 0.015625
0 0.516406 0.857812 0.023438 0.021875
0 0.394531 0.850000 0.010937 0.015625
0 0.201563 0.845313 0.021875 0.028125
0 0.333594 0.846875 0.014063 0.018750
0 0.265625 0.842187 0.012500 0.015625
0 0.138281 0.840625 0.020313 0.021875
0 0.086719 0.835156 0.020313 0.020313
0 0.015625 0.829688 0.028125 0.015625
0 0.956250 0.788281 0.018750 0.017188
0 0.825781 0.788281 0.023438 0.020313
0 0.706250 0.786719 0.015625 0.017188
0 0.896875 0.786719 0.021875 0.020313
0 0.767188 0.785937 0.021875 0.021875
0 0.642969 0.784375 0.017188 0.018750
0 0.578125 0.774219 0.018750 0.017188
0 0.517188 0.767969 0.015625 0.014063
0 0.267188 0.763281 0.012500 0.010937
0 0.400000 0.760938 0.015625 0.015625
0 0.332813 0.759375 0.009375 0.015625
0 0.142969 0.749219 0.017188 0.017188
0 0.089063 0.745313 0.012500 0.015625
0 0.017969 0.735156 0.023438 0.017188
0 0.962500 0.699219 0.028125 0.026562
0 0.778906 0.706250 0.020313 0.018750
0 0.908594 0.704688 0.020313 0.018750
0 0.849219 0.706250 0.020313 0.021875
0 0.709375 0.702344 0.015625 0.017188
0 0.650781 0.699219 0.029687 0.029687
0 0.589063 0.693750 0.018750 0.015625
0 0.529687 0.688281 0.018750 0.020313
0 0.470313 0.679688 0.012500 0.012500
0 0.407031 0.679688 0.017188 0.012500
0 0.222656 0.671875 0.017188 0.018750
0 0.289844 0.668750 0.010937 0.015625
0 0.347656 0.668750 0.017188 0.018750
0 0.160156 0.661719 0.017188 0.014063
0 0.038281 0.654687 0.010937 0.012500
0 0.091406 0.658594 0.023438 0.026562
0 0.903906 0.611719 0.020313 0.020313
0 0.842187 0.614844 0.018750 0.020313
0 0.971875 0.613281 0.015625 0.020313
0 0.778125 0.610938 0.015625 0.018750
0 0.645312 0.608594 0.021875 0.014063
0 0.710156 0.606250 0.023438 0.012500
0 0.593750 0.605469 0.025000 0.014063
0 0.469531 0.592187 0.017188 0.025000
0 0.528906 0.596875 0.017188 0.015625
0 0.414844 0.583594 0.020313 0.023438
0 0.352344 0.580469 0.017188 0.020313
0 0.219531 0.581250 0.032813 0.028125
0 0.290625 0.580469 0.015625 0.020313
0 0.156250 0.575000 0.015625 0.018750
0 0.100000 0.565625 0.012500 0.018750
0 0.036719 0.564844 0.020313 0.017188
0 0.891406 0.517188 0.017188 0.012500
0 0.826562 0.514062 0.012500 0.012500
0 0.763281 0.511719 0.017188 0.017188
0 0.700781 0.510938 0.014063 0.018750
0 0.646875 0.507031 0.012500 0.014063
0 0.327344 0.503125 0.023438 0.031250
0 0.587500 0.500781 0.012500 0.014063
0 0.528125 0.498437 0.018750 0.012500
0 0.390625 0.493750 0.018750 0.012500
0 0.464062 0.492188 0.018750 0.018750
0 0.269531 0.492188 0.017188 0.018750
0 0.210938 0.489844 0.012500 0.014063
0 0.151562 0.482812 0.015625 0.012500
0 0.085938 0.484375 0.025000 0.021875
0 0.962500 0.426563 0.015625 0.015625
0 0.897656 0.425000 0.007812 0.012500
0 0.705469 0.414844 0.029687 0.026562
0 0.838281 0.417187 0.010937 0.012500
0 0.768750 0.415625 0.015625 0.015625
0 0.589063 0.408594 0.018750 0.020313
0 0.401562 0.405469 0.018750 0.017188
0 0.532031 0.403906 0.017188 0.020313
0 0.468750 0.400781 0.021875 0.020313
0 0.276562 0.400000 0.012500 0.018750
0 0.334375 0.396875 0.015625 0.018750
0 0.150781 0.396875 0.020313 0.018750
0 0.217188 0.396094 0.015625 0.020313
0 0.087500 0.395313 0.021875 0.018750
0 0.027344 0.385156 0.014063 0.014063
0 0.967969 0.342969 0.014063 0.017188
0 0.907813 0.336719 0.018750 0.020313
0 0.718750 0.332031 0.015625 0.014063
0 0.842969 0.331250 0.020313 0.018750
0 0.781250 0.331250 0.015625 0.018750
0 0.656250 0.328125 0.015625 0.015625
0 0.600781 0.324219 0.020313 0.017188
0 0.283594 0.317969 0.017188 0.017188
0 0.407813 0.316406 0.018750 0.017188
0 0.472656 0.314063 0.017188 0.015625
0 0.343750 0.317188 0.021875 0.021875
0 0.539062 0.316406 0.021875 0.023438
0 0.223438 0.311719 0.015625 0.014063
0 0.162500 0.308594 0.021875 0.017188
0 0.092969 0.306250 0.023438 0.018750
0 0.030469 0.304688 0.023438 0.025000
0 0.782813 0.248438 0.015625 0.009375
0 0.971094 0.249219 0.014063 0.017188
0 0.853906 0.246094 0.017188 0.014063
0 0.719531 0.244531 0.026562 0.017188
0 0.664062 0.239063 0.015625 0.012500
0 0.610156 0.232813 0.014063 0.015625
0 0.546094 0.228125 0.017188 0.018750
0 0.290625 0.226562 0.015625 0.015625
0 0.350000 0.224219 0.025000 0.026562
0 0.227344 0.225781 0.020313 0.017188
0 0.477344 0.225000 0.020313 0.018750
0 0.412500 0.225781 0.021875 0.023438
0 0.043750 0.216406 0.031250 0.026562
0 0.165625 0.221094 0.018750 0.017188
0 0.101562 0.216406 0.018750 0.020313
0 0.975000 0.165625 0.015625 0.018750
0 0.911719 0.160156 0.020313 0.017188
0 0.724219 0.155469 0.017188 0.017188
0 0.782813 0.154688 0.015625 0.018750
0 0.844531 0.151562 0.020313 0.018750
0 0.660156 0.147656 0.023438 0.026562
0 0.601562 0.144531 0.018750 0.020313
0 0.544531 0.140625 0.010937 0.012500
0 0.412500 0.138281 0.018750 0.020313
0 0.353125 0.136719 0.015625 0.017188
0 0.288281 0.137500 0.020313 0.018750
0 0.478125 0.136719 0.021875 0.020313
0 0.226562 0.133594 0.018750 0.020313
0 0.163281 0.131250 0.017188 0.018750
0 0.102344 0.129688 0.017188 0.018750
0 0.040625 0.121875 0.012500 0.009375
0 0.917188 0.070312 0.015625 0.015625
0 0.977344 0.071094 0.017188 0.020313
0 0.857031 0.067187 0.010937 0.012500
0 0.728906 0.065625 0.017188 0.012500
0 0.797656 0.064844 0.020313 0.020313
0 0.671094 0.058594 0.010937 0.014063
0 0.608594 0.056250 0.010937 0.012500
0 0.549219 0.051562 0.014063 0.012500
0 0.353125 0.050000 0.018750 0.015625
0 0.482812 0.045312 0.021875 0.012500
0 0.420312 0.045312 0.018750 0.015625
0 0.288281 0.046094 0.020313 0.017188
0 0.232813 0.042969 0.018750 0.017188
0 0.046875 0.040625 0.015625 0.012500
0 0.105469 0.037500 0.014063 0.015625
0 0.168750 0.040625 0.021875 0.025000
0 0.648438 0.414062 0.031250 0.034375
0 0.958594 0.518750 0.035937 0.028125
0 0.462500 0.853125 0.034375 0.034375
0 0.460938 0.763281 0.021875 0.023438