0 0.890625 0.984375 0.025000 0.028125
0 0.944531 0.987500 0.023438 0.021875
0 0.818750 0.984375 0.021875 0.018750
0 0.760156 0.976562 0.020313 0.018750
0 0.696875 0.975000 0.018750 0.021875
0 0.264062 0.971875 0.012500 0.015625
0 0.633594 0.971094 0.020313 0.020313
0 0.200781 0.970313 0.020313 0.018750
0 0.513281 0.970313 0.020313 0.021875
0 0.323437 0.967187 0.018750 0.018750
0 0.137500 0.963281 0.025000 0.029687
0 0.574219 0.967187 0.020313 0.021875
0 0.454688 0.963281 0.012500 0.014063
0 0.075781 0.957812 0.026562 0.031250
0 0.016406 0.950000 0.017188 0.012500
0 0.950781 0.896094 0.014063 0.017188
0 0.890625 0.887500 0.031250 0.028125
0 0.828125 0.891406 0.018750 0.020313
0 0.697656 0.884375 0.014063 0.015625
0 0.764844 0.884375 0.020313 0.021875
0 0.635938 0.882812 0.018750 0.018750
0 0.455469 0.882031 0.014063 0.020313
0 0.393750 0.880469 0.015625 0.017188
0 0.329688 0.878125 0.028125 0.018750
0 0.201563 0.875781 0.012500 0.014063
0 0.517188 0.877344 0.021875 0.020313
0 0.263281 0.877344 0.020313 0.020313
0 0.577344 0.877344 0.020313 0.023438
0 0.141406 0.872656 0.017188 0.020313
0 0.077344 0.865625 0.020313 0.015625
0 0.016406 0.857812 0.023438 0.021875
0 0.951562 0.807031 0.015625 0.017188
0 0.887500 0.803125 0.021875 0.021875
0 0.829688 0.798438 0.018750 0.018750
0 0.761719 0.798438 0.026562 0.018750
0 0.640625 0.789062 0.025000 0.018750
0 0.456250 0.788281 0.018750 0.017188
0 0.700000 0.789844 0.021875 0.023438
0 0.584375 0.789062 0.021875 0.021875
0 0.325781 0.788281 0.023438 0.020313
0 0.206250 0.786719 0.015625 0.017188
0 0.396875 0.786719 0.021875 0.020313
0 0.519531 0.787500 0.023438 0.025000
0 0.267188 0.785937 0.021875 0.021875
0 0.142969 0.784375 0.017188 0.018750
0 0.078125 0.774219 0.018750 0.017188
0 0.017188 0.767969 0.015625 0.014063
0 0.958594 0.720313 0.020313 0.021875
0 0.899219 0.719531 0.017188 0.020313
0 0.839063 0.714063 0.018750 0.018750
0 0.772656 0.712500 0.020313 0.021875
0 0.707031 0.708594 0.023438 0.026562
0 0.649219 0.708594 0.023438 0.020313
0 0.462500 0.699219 0.028125 0.026562
0 0.278906 0.706250 0.020313 0.018750
0 0.408594 0.704688 0.020313 0.018750
0 0.349219 0.706250 0.020313 0.021875
0 0.209375 0.702344 0.015625 0.017188
0 0.150781 0.699219 0.029687 0.029687
0 0.529687 0.703906 0.028125 0.023438
0 0.592187 0.703125 0.018750 0.025000
0 0.089063 0.693750 0.018750 0.015625
0 0.029687 0.688281 0.018750 0.020313
0 0.958594 0.632812 0.026562 0.025000
0 0.902344 0.631250 0.032813 0.021875
0 0.777344 0.620313 0.026562 0.028125
0 0.827344 0.618750 0.032813 0.031250
0 0.712500 0.621094 0.018750 0.017188
0 0.403906 0.611719 0.020313 0.020313
0 0.594531 0.616406 0.017188 0.017188
0 0.656250 0.617188 0.015625 0.025000
0 0.342187 0.614844 0.018750 0.020313
0 0.532031 0.614844 0.020313 0.023438
0 0.471875 0.613281 0.015625 0.020313
0 0.278125 0.610938 0.015625 0.018750
0 0.145313 0.608594 0.021875 0.014063
0 0.210156 0.606250 0.023438 0.012500
0 0.093750 0.605469 0.025000 0.014063
0 0.028906 0.596875 0.017188 0.015625
0 0.946875 0.543750 0.025000 0.025000
0 0.821875 0.535937 0.028125 0.028125
0 0.882812 0.538281 0.018750 0.020313
0 0.758594 0.535156 0.017188 0.020313
0 0.635938 0.531250 0.012500 0.012500
0 0.574219 0.526563 0.017188 0.018750
0 0.391406 0.517188 0.017188 0.012500
0 0.326562 0.514062 0.012500 0.012500
0 0.263281 0.511719 0.017188 0.017188
0 0.200781 0.510938 0.014063 0.018750
0 0.146875 0.507031 0.012500 0.014063
0 0.087500 0.500781 0.012500 0.014063
0 0.028125 0.498437 0.018750 0.012500
0 0.950781 0.453125 0.020313 0.021875
0 0.887500 0.449219 0.018750 0.023438
0 0.701562 0.442969 0.025000 0.026562
0 0.822656 0.444531 0.020313 0.017188
0 0.760156 0.445312 0.026562 0.021875
0 0.635156 0.440625 0.014063 0.012500
0 0.575781 0.435156 0.023438 0.020313
0 0.462500 0.426563 0.015625 0.015625
0 0.397656 0.425000 0.007812 0.012500
0 0.205469 0.414844 0.029687 0.026562
0 0.338281 0.417187 0.010937 0.012500
0 0.268750 0.415625 0.015625 0.015625
0 0.089063 0.408594 0.018750 0.020313
0 0.032031 0.403906 0.017188 0.020313
0 0.960156 0.360156 0.020313 0.014063
0 0.899219 0.360938 0.020313 0.018750
0 0.836719 0.354687 0.017188 0.021875
0 0.771094 0.353125 0.020313 0.018750
0 0.645312 0.351562 0.015625 0.015625
0 0.589063 0.349219 0.015625 0.014063
0 0.707031 0.350781 0.023438 0.023438
0 0.525000 0.347656 0.021875 0.020313
0 0.467969 0.342969 0.014063 0.017188
0 0.407813 0.336719 0.018750 0.020313
0 0.218750 0.332031 0.015625 0.014063
0 0.342969 0.331250 0.020313 0.018750
0 0.281250 0.331250 0.015625 0.018750
0 0.156250 0.328125 0.015625 0.015625
0 0.100781 0.324219 0.020313 0.017188
0 0.039062 0.316406 0.021875 0.023438
0 0.963281 0.271094 0.017188 0.017188
0 0.842187 0.267969 0.012500 0.014063
0 0.902344 0.271094 0.023438 0.023438
0 0.715625 0.264062 0.015625 0.012500
0 0.593750 0.261719 0.012500 0.010937
0 0.775000 0.264844 0.028125 0.020313
0 0.533594 0.259375 0.017188 0.015625
0 0.649219 0.259375 0.020313 0.021875
0 0.282813 0.248438 0.015625 0.009375
0 0.471094 0.249219 0.014063 0.017188
0 0.353906 0.246094 0.017188 0.014063
0 0.219531 0.244531 0.026562 0.017188
0 0.164062 0.239063 0.015625 0.012500
0 0.110156 0.232813 0.014063 0.015625
0 0.046094 0.228125 0.017188 0.018750
0 0.964844 0.184375 0.017188 0.018750
0 0.906250 0.181250 0.025000 0.025000
0 0.836719 0.176563 0.029687 0.031250
0 0.778125 0.176563 0.021875 0.025000
0 0.657813 0.177344 0.015625 0.010937
0 0.714844 0.173437 0.023438 0.021875
0 0.598437 0.171875 0.012500 0.018750
0 0.535156 0.170313 0.017188 0.018750
0 0.475000 0.165625 0.015625 0.018750
0 0.411719 0.160156 0.020313 0.017188
0 0.224219 0.155469 0.017188 0.017188
0 0.282813 0.154688 0.015625 0.018750
0 0.344531 0.151562 0.020313 0.018750
0 0.160156 0.147656 0.023438 0.026562
0 0.101562 0.144531 0.018750 0.020313
0 0.044531 0.140625 0.010937 0.012500
0 0.964063 0.093750 0.034375 0.034375
0 0.846094 0.091406 0.014063 0.010937
0 0.785156 0.089844 0.014063 0.010937
0 0.717969 0.083594 0.017188 0.017188
0 0.656250 0.082031 0.009375 0.014063
0 0.601562 0.082812 0.012500 0.018750
0 0.539844 0.076563 0.007812 0.009375
0 0.417187 0.070312 0.015625 0.015625
0 0.477344 0.071094 0.017188 0.020313
0 0.357031 0.067187 0.010937 0.012500
0 0.228906 0.065625 0.017188 0.012500
0 0.297656 0.064844 0.020313 0.020313
0 0.171094 0.058594 0.010937 0.014063
0 0.108594 0.056250 0.010937 0.012500
0 0.049219 0.051562 0.014063 0.012500
0 0.977344 0.007031 0.017188 0.010937
0 0.917969 0.006250 0.017188 0.009375
0 0.858594 0.005469 0.014063 0.007812
0 0.796094 0.004687 0.020313 0.006250
0 0.148438 0.414062 0.031250 0.034375
0 0.906250 0.093750 0.021875 0.028125
0 0.458594 0.518750 0.035937 0.028125
0 0.521875 0.432812 0.025000 0.031250
0 0.700000 0.529687 0.025000 0.021875