0 0.390625 0.984375 0.025000 0.028125
0 0.444531 0.987500 0.023438 0.021875
0 0.318750 0.984375 0.021875 0.018750
0 0.260156 0.976562 0.020313 0.018750
0 0.196875 0.975000 0.018750 0.021875
0 0.133594 0.971094 0.020313 0.020313
0 0.013281 0.970313 0.020313 0.021875
0 0.074219 0.967187 0.020313 0.021875
0 0.878906 0.916406 0.014063 0.020313
0 0.819531 0.911719 0.023438 0.020313
0 0.758594 0.909375 0.020313 0.015625
0 0.937500 0.910156 0.025000 0.020313
0 0.571094 0.907031 0.014063 0.017188
0 0.694531 0.906250 0.023438 0.025000
0 0.628125 0.905469 0.028125 0.026562
0 0.508594 0.902344 0.023438 0.020313
0 0.450781 0.896094 0.014063 0.017188
0 0.390625 0.887500 0.031250 0.028125
0 0.328125 0.891406 0.018750 0.020313
0 0.197656 0.884375 0.014063 0.015625
0 0.264844 0.884375 0.020313 0.021875
0 0.135937 0.882812 0.018750 0.018750
0 0.017188 0.877344 0.021875 0.020313
0 0.077344 0.877344 0.020313 0.023438
0 0.877344 0.826562 0.029687 0.025000
0 0.757031 0.812500 0.026562 0.021875
0 0.939844 0.823438 0.023438 0.021875
0 0.817969 0.815625 0.017188 0.015625
0 0.692187 0.817187 0.018750 0.021875
0 0.626563 0.819531 0.028125 0.026562
0 0.567969 0.815625 0.020313 0.021875
0 0.506250 0.810937 0.021875 0.021875
0 0.451562 0.807031 0.015625 0.017188
0 0.387500 0.803125 0.021875 0.021875
0 0.329688 0.798438 0.018750 0.018750
0 0.261719 0.798438 0.026562 0.018750
0 0.140625 0.789062 0.025000 0.018750
0 0.200000 0.789844 0.021875 0.023438
0 0.084375 0.789062 0.021875 0.021875
0 0.019531 0.787500 0.023438 0.025000
0 0.822656 0.735938 0.020313 0.021875
0 0.571094 0.729688 0.029687 0.031250
0 0.942187 0.735938 0.028125 0.025000
0 0.881250 0.734375 0.021875 0.021875
0 0.761719 0.731250 0.035937 0.025000
0 0.698438 0.731250 0.021875 0.025000
0 0.638281 0.729688 0.029687 0.021875
0 0.520312 0.726562 0.025000 0.021875
0 0.458594 0.720313 0.020313 0.021875
0 0.399219 0.719531 0.017188 0.020313
0 0.339062 0.714063 0.018750 0.018750
0 0.272656 0.712500 0.020313 0.021875
0 0.207031 0.708594 0.023438 0.026562
0 0.149219 0.708594 0.023438 0.020313
0 0.029687 0.703906 0.028125 0.023438
0 0.092188 0.703125 0.018750 0.025000
0 0.945312 0.646875 0.034375 0.034375
0 0.641406 0.641406 0.023438 0.023438
0 0.882031 0.650781 0.020313 0.020313
0 0.825000 0.646094 0.018750 0.020313
0 0.767188 0.644531 0.015625 0.017188
0 0.707031 0.642188 0.026562 0.021875
0 0.578125 0.641406 0.018750 0.017188
0 0.521875 0.635938 0.012500 0.018750
0 0.458594 0.632812 0.026562 0.025000
0 0.402344 0.631250 0.032813 0.021875
0 0.277344 0.620313 0.026562 0.028125
0 0.327344 0.618750 0.032813 0.031250
0 0.212500 0.621094 0.018750 0.017188
0 0.094531 0.616406 0.017188 0.017188
0 0.156250 0.617188 0.015625 0.025000
0 0.032031 0.614844 0.020313 0.023438
0 0.883594 0.557031 0.010937 0.017188
0 0.946875 0.556250 0.015625 0.018750
0 0.758594 0.552344 0.029687 0.026562
0 0.825781 0.555469 0.017188 0.020313
0 0.697656 0.551562 0.029687 0.034375
0 0.632031 0.548438 0.017188 0.018750
0 0.510938 0.542969 0.021875 0.023438
0 0.569531 0.543750 0.017188 0.018750
0 0.446875 0.543750 0.025000 0.025000
0 0.321875 0.535937 0.028125 0.028125
0 0.382812 0.538281 0.018750 0.020313
0 0.258594 0.535156 0.017188 0.020313
0 0.135937 0.531250 0.012500 0.012500
0 0.074219 0.526563 0.017188 0.018750
0 0.947656 0.467969 0.023438 0.017188
0 0.885938 0.460938 0.018750 0.018750
0 0.824219 0.459375 0.026562 0.018750
0 0.766406 0.457813 0.023438 0.018750
0 0.703906 0.457813 0.020313 0.018750
0 0.628906 0.454688 0.020313 0.012500
0 0.501563 0.453125 0.021875 0.012500
0 0.450781 0.453125 0.020313 0.021875
0 0.387500 0.449219 0.018750 0.023438
0 0.570312 0.450000 0.018750 0.018750
0 0.201563 0.442969 0.025000 0.026562
0 0.322656 0.444531 0.020313 0.017188
0 0.260156 0.445312 0.026562 0.021875
0 0.135156 0.440625 0.014063 0.012500
0 0.075781 0.435156 0.023438 0.020313
0 0.959375 0.376563 0.012500 0.015625
0 0.896094 0.373437 0.023438 0.021875
0 0.579688 0.364063 0.015625 0.012500
0 0.834375 0.369531 0.025000 0.026562
0 0.774219 0.367969 0.020313 0.023438
0 0.710938 0.367969 0.025000 0.023438
0 0.460156 0.360156 0.020313 0.014063
0 0.643750 0.362500 0.031250 0.021875
0 0.399219 0.360938 0.020313 0.018750
0 0.521094 0.359375 0.020313 0.018750
0 0.336719 0.354687 0.017188 0.021875
0 0.271094 0.353125 0.020313 0.018750
0 0.145313 0.351562 0.015625 0.015625
0 0.089063 0.349219 0.015625 0.014063
0 0.207031 0.350781 0.023438 0.023438
0 0.025000 0.347656 0.021875 0.020313
0 0.961719 0.286719 0.010937 0.007812
0 0.838281 0.285156 0.017188 0.020313
0 0.897656 0.284375 0.023438 0.021875
0 0.709375 0.282031 0.015625 0.017188
0 0.775000 0.280469 0.021875 0.020313
0 0.648438 0.277344 0.015625 0.020313
0 0.588281 0.275781 0.020313 0.020313
0 0.522656 0.275000 0.023438 0.018750
0 0.463281 0.271094 0.017188 0.017188
0 0.342187 0.267969 0.012500 0.014063
0 0.402344 0.271094 0.023438 0.023438
0 0.215625 0.264062 0.015625 0.012500
0 0.093750 0.261719 0.012500 0.010937
0 0.275000 0.264844 0.028125 0.020313
0 0.033594 0.259375 0.017188 0.015625
0 0.149219 0.259375 0.020313 0.021875
0 0.904687 0.197656 0.012500 0.010937
0 0.965625 0.197656 0.012500 0.014063
0 0.782031 0.192188 0.010937 0.009375
0 0.714063 0.190625 0.018750 0.012500
0 0.652344 0.188281 0.014063 0.007812
0 0.842187 0.191406 0.015625 0.017188
0 0.592187 0.186719 0.012500 0.014063
0 0.525000 0.184375 0.021875 0.012500
0 0.464844 0.184375 0.017188 0.018750
0 0.406250 0.181250 0.025000 0.025000
0 0.336719 0.176563 0.029687 0.031250
0 0.278125 0.176563 0.021875 0.025000
0 0.157812 0.177344 0.015625 0.010937
0 0.214844 0.173437 0.023438 0.021875
0 0.098437 0.171875 0.012500 0.018750
0 0.035156 0.170313 0.017188 0.018750
0 0.971094 0.110937 0.020313 0.018750
0 0.907031 0.107813 0.020313 0.018750
0 0.847656 0.105469 0.020313 0.020313
0 0.719531 0.102344 0.020313 0.017188
0 0.596094 0.098437 0.029687 0.031250
0 0.780469 0.103125 0.020313 0.021875
0 0.653125 0.100781 0.018750 0.020313
0 0.527344 0.094531 0.023438 0.020313
0 0.464062 0.093750 0.034375 0.034375
0 0.346094 0.091406 0.014063 0.010937
0 0.285156 0.089844 0.014063 0.010937
0 0.217969 0.083594 0.017188 0.017188
0 0.156250 0.082031 0.009375 0.014063
0 0.101562 0.082812 0.012500 0.018750
0 0.039844 0.076563 0.007812 0.009375
0 0.978125 0.019531 0.025000 0.026562
0 0.917969 0.020313 0.014063 0.015625
0 0.854688 0.019531 0.015625 0.014063
0 0.789062 0.015625 0.021875 0.028125
0 0.728125 0.011719 0.012500 0.020313
0 0.657813 0.014063 0.018750 0.025000
0 0.606250 0.010937 0.015625 0.018750
0 0.535937 0.010937 0.028125 0.018750
0 0.477344 0.007031 0.017188 0.010937
0 0.417969 0.006250 0.017188 0.009375
0 0.358594 0.005469 0.014063 0.007812
0 0.296094 0.004687 0.020313 0.006250
0 0.406250 0.093750 0.021875 0.028125
0 0.021875 0.432812 0.025000 0.031250
0 0.200000 0.529687 0.025000 0.021875