0 0.869531 0.916406 0.032813 0.020313
0 0.378906 0.916406 0.014063 0.020313
0 0.319531 0.911719 0.023438 0.020313
0 0.258594 0.909375 0.020313 0.015625
0 0.809375 0.912500 0.025000 0.025000
0 0.437500 0.910156 0.025000 0.020313
0 0.495312 0.908594 0.028125 0.020313
0 0.071094 0.907031 0.014063 0.017188
0 0.694531 0.907813 0.026562 0.025000
0 0.564844 0.909375 0.020313 0.028125
0 0.760156 0.907031 0.029687 0.026562
0 0.194531 0.906250 0.023438 0.025000
0 0.627344 0.905469 0.026562 0.026562
0 0.128125 0.905469 0.028125 0.026562
0 0.813281 0.827344 0.032813 0.026562
0 0.377344 0.826562 0.029687 0.025000
0 0.257031 0.812500 0.026562 0.021875
0 0.439844 0.823438 0.023438 0.021875
0 0.869531 0.822656 0.032813 0.023438
0 0.749219 0.821875 0.029687 0.025000
0 0.567969 0.819531 0.026562 0.023438
0 0.317969 0.815625 0.017188 0.015625
0 0.499219 0.820312 0.023438 0.028125
0 0.192188 0.817187 0.018750 0.021875
0 0.126562 0.819531 0.028125 0.026562
0 0.627344 0.818750 0.029687 0.028125
0 0.067969 0.815625 0.020313 0.021875
0 0.691406 0.817187 0.032813 0.028125
0 0.814844 0.739062 0.026562 0.021875
0 0.875781 0.736719 0.020313 0.023438
0 0.755469 0.737500 0.026562 0.025000
0 0.322656 0.735938 0.020313 0.021875
0 0.071094 0.729688 0.029687 0.031250
0 0.513281 0.739062 0.035937 0.031250
0 0.442188 0.735938 0.028125 0.025000
0 0.381250 0.734375 0.021875 0.021875
0 0.697656 0.732812 0.032813 0.028125
0 0.261719 0.731250 0.035937 0.025000
0 0.198437 0.731250 0.021875 0.025000
0 0.138281 0.729688 0.029687 0.021875
0 0.638281 0.728906 0.029687 0.023438
0 0.582812 0.728125 0.015625 0.025000
0 0.020313 0.726562 0.025000 0.021875
0 0.445312 0.646875 0.034375 0.034375
0 0.141406 0.641406 0.023438 0.023438
0 0.382031 0.650781 0.020313 0.020313
0 0.882031 0.650000 0.007812 0.021875
0 0.825000 0.650781 0.015625 0.023438
0 0.518750 0.647656 0.015625 0.020313
0 0.761719 0.647656 0.020313 0.023438
0 0.582031 0.644531 0.010937 0.017188
0 0.325000 0.646094 0.018750 0.020313
0 0.267188 0.644531 0.015625 0.017188
0 0.207031 0.642188 0.026562 0.021875
0 0.078125 0.641406 0.018750 0.017188
0 0.702344 0.637500 0.010937 0.015625
0 0.639062 0.639844 0.018750 0.023438
0 0.021875 0.635938 0.012500 0.018750
0 0.873437 0.571875 0.025000 0.021875
0 0.814844 0.571875 0.023438 0.021875
0 0.749219 0.570312 0.026562 0.025000
0 0.689844 0.564844 0.020313 0.023438
0 0.632812 0.562500 0.018750 0.021875
0 0.571094 0.560937 0.020313 0.018750
0 0.509375 0.560156 0.015625 0.017188
0 0.383594 0.557031 0.010937 0.017188
0 0.446875 0.556250 0.015625 0.018750
0 0.258594 0.552344 0.029687 0.026562
0 0.325781 0.555469 0.017188 0.020313
0 0.197656 0.551562 0.029687 0.034375
0 0.132031 0.548438 0.017188 0.018750
0 0.069531 0.543750 0.017188 0.018750
0 0.877344 0.482812 0.017188 0.021875
0 0.757812 0.479687 0.021875 0.021875
0 0.819531 0.478906 0.023438 0.023438
0 0.699219 0.476562 0.017188 0.021875
0 0.510938 0.469531 0.015625 0.010937
0 0.637500 0.471875 0.025000 0.025000
0 0.447656 0.467969 0.023438 0.017188
0 0.577344 0.468750 0.020313 0.021875
0 0.385937 0.460938 0.018750 0.018750
0 0.324219 0.459375 0.026562 0.018750
0 0.266406 0.457813 0.023438 0.018750
0 0.203906 0.457813 0.020313 0.018750
0 0.128906 0.454688 0.020313 0.012500
0 0.070312 0.450000 0.018750 0.018750
0 0.880469 0.393750 0.010937 0.018750
0 0.828125 0.392188 0.018750 0.021875
0 0.770312 0.389844 0.021875 0.020313
0 0.703906 0.389062 0.023438 0.025000
0 0.646875 0.383594 0.021875 0.026562
0 0.519531 0.378906 0.010937 0.017188
0 0.459375 0.376563 0.012500 0.015625
0 0.585938 0.378906 0.018750 0.023438
0 0.396094 0.373437 0.023438 0.021875
0 0.079687 0.364063 0.015625 0.012500
0 0.334375 0.369531 0.025000 0.026562
0 0.274219 0.367969 0.020313 0.023438
0 0.210938 0.367969 0.025000 0.023438
0 0.143750 0.362500 0.031250 0.021875
0 0.021094 0.359375 0.020313 0.018750
0 0.880469 0.303125 0.010937 0.015625
0 0.828906 0.299219 0.020313 0.017188
0 0.712500 0.299219 0.021875 0.017188
0 0.649219 0.297656 0.017188 0.017188
0 0.461719 0.286719 0.010937 0.007812
0 0.338281 0.285156 0.017188 0.020313
0 0.397656 0.284375 0.023438 0.021875
0 0.209375 0.282031 0.015625 0.017188
0 0.275000 0.280469 0.021875 0.020313
0 0.148438 0.277344 0.015625 0.020313
0 0.088281 0.275781 0.020313 0.020313
0 0.022656 0.275000 0.023438 0.018750
0 0.835938 0.215625 0.018750 0.015625
0 0.773438 0.211719 0.018750 0.014063
0 0.708594 0.207031 0.023438 0.017188
0 0.653906 0.202344 0.010937 0.014063
0 0.589063 0.198437 0.018750 0.012500
0 0.404687 0.197656 0.012500 0.010937
0 0.526563 0.199219 0.015625 0.017188
0 0.465625 0.197656 0.012500 0.014063
0 0.282031 0.192188 0.010937 0.009375
0 0.214062 0.190625 0.018750 0.012500
0 0.152344 0.188281 0.014063 0.007812
0 0.342187 0.191406 0.015625 0.017188
0 0.092188 0.186719 0.012500 0.014063
0 0.025000 0.184375 0.021875 0.012500
0 0.778125 0.124219 0.012500 0.010937
0 0.840625 0.125000 0.018750 0.015625
0 0.531250 0.112500 0.037500 0.037500
0 0.717187 0.121094 0.015625 0.020313
0 0.655469 0.117188 0.014063 0.015625
0 0.592187 0.113281 0.015625 0.014063
0 0.471094 0.110937 0.020313 0.018750
0 0.407031 0.107813 0.020313 0.018750
0 0.347656 0.105469 0.020313 0.020313
0 0.219531 0.102344 0.020313 0.017188
0 0.096094 0.098437 0.029687 0.031250
0 0.280469 0.103125 0.020313 0.021875
0 0.153125 0.100781 0.018750 0.020313
0 0.027344 0.094531 0.023438 0.020313
0 0.782813 0.032813 0.012500 0.015625
0 0.728125 0.032031 0.012500 0.017188
0 0.478125 0.019531 0.025000 0.026562
0 0.665625 0.026562 0.018750 0.015625
0 0.417969 0.020313 0.014063 0.015625
0 0.354687 0.019531 0.015625 0.014063
0 0.289062 0.015625 0.021875 0.028125
0 0.228125 0.011719 0.012500 0.020313
0 0.157812 0.014063 0.018750 0.025000
0 0.106250 0.010937 0.015625 0.018750
0 0.035937 0.010937 0.028125 0.018750
0 0.522656 0.289062 0.032813 0.025000
0 0.535156 0.025000 0.029687 0.028125
0 0.842969 0.039844 0.035937 0.032813
0 0.588281 0.289844 0.020313 0.029687