0 0.369531 0.916406 0.032813 0.020313
0 0.309375 0.912500 0.025000 0.025000
0 0.194531 0.907813 0.026562 0.025000
0 0.064844 0.909375 0.020313 0.028125
0 0.260156 0.907031 0.029687 0.026562
0 0.127344 0.905469 0.026562 0.026562
0 0.313281 0.827344 0.032813 0.026562
0 0.369531 0.822656 0.032813 0.023438
0 0.249219 0.821875 0.029687 0.025000
0 0.067969 0.819531 0.026562 0.023438
0 0.127344 0.818750 0.029687 0.028125
0 0.191406 0.817187 0.032813 0.028125
0 0.314844 0.739062 0.026562 0.021875
0 0.375781 0.736719 0.020313 0.023438
0 0.255469 0.737500 0.026562 0.025000
0 0.197656 0.732812 0.032813 0.028125
0 0.138281 0.728906 0.029687 0.023438
0 0.082812 0.728125 0.015625 0.025000
0 0.382031 0.650000 0.007812 0.021875
0 0.325000 0.650781 0.015625 0.023438
0 0.018750 0.647656 0.015625 0.020313
0 0.261719 0.647656 0.020313 0.023438
0 0.082031 0.644531 0.010937 0.017188
0 0.202344 0.637500 0.010937 0.015625
0 0.139063 0.639844 0.018750 0.023438
0 0.373437 0.571875 0.025000 0.021875
0 0.314844 0.571875 0.023438 0.021875
0 0.249219 0.570312 0.026562 0.025000
0 0.189844 0.564844 0.020313 0.023438
0 0.132812 0.562500 0.018750 0.021875
0 0.071094 0.560937 0.020313 0.018750
0 0.009375 0.560156 0.015625 0.017188
0 0.377344 0.482812 0.017188 0.021875
0 0.257812 0.479687 0.021875 0.021875
0 0.319531 0.478906 0.023438 0.023438
0 0.199219 0.476562 0.017188 0.021875
0 0.010937 0.469531 0.015625 0.010937
0 0.137500 0.471875 0.025000 0.025000
0 0.077344 0.468750 0.020313 0.021875
0 0.380469 0.393750 0.010937 0.018750
0 0.328125 0.392188 0.018750 0.021875
0 0.270313 0.389844 0.021875 0.020313
0 0.203906 0.389062 0.023438 0.025000
0 0.146875 0.383594 0.021875 0.026562
0 0.019531 0.378906 0.010937 0.017188
0 0.085938 0.378906 0.018750 0.023438
0 0.380469 0.303125 0.010937 0.015625
0 0.328906 0.299219 0.020313 0.017188
0 0.212500 0.299219 0.021875 0.017188
0 0.149219 0.297656 0.017188 0.017188
0 0.335938 0.215625 0.018750 0.015625
0 0.273438 0.211719 0.018750 0.014063
0 0.208594 0.207031 0.023438 0.017188
0 0.153906 0.202344 0.010937 0.014063
0 0.089063 0.198437 0.018750 0.012500
0 0.026562 0.199219 0.015625 0.017188
0 0.278125 0.124219 0.012500 0.010937
0 0.340625 0.125000 0.018750 0.015625
0 0.031250 0.112500 0.037500 0.037500
0 0.217188 0.121094 0.015625 0.020313
0 0.155469 0.117188 0.014063 0.015625
0 0.092188 0.113281 0.015625 0.014063
0 0.282813 0.032813 0.012500 0.015625
0 0.228125 0.032031 0.012500 0.017188
0 0.165625 0.026562 0.018750 0.015625
0 0.022656 0.289062 0.032813 0.025000
0 0.035156 0.025000 0.029687 0.028125
0 0.342969 0.039844 0.035937 0.032813
0 0.088281 0.289844 0.020313 0.029687