0 0.653906 0.987500 0.032813 0.021875
0 0.603906 0.984375 0.035937 0.021875
0 0.539062 0.977344 0.031250 0.026562
0 0.469531 0.973437 0.032813 0.028125
0 0.407031 0.967969 0.023438 0.023438
0 0.343750 0.967187 0.021875 0.021875
0 0.281250 0.960938 0.021875 0.018750
0 0.219531 0.957031 0.032813 0.023438
0 0.040625 0.954688 0.021875 0.021875
0 0.153906 0.957031 0.026562 0.029687
0 0.985938 0.918750 0.018750 0.021875
0 0.923438 0.917188 0.025000 0.028125
0 0.857812 0.908594 0.037500 0.026562
0 0.791406 0.906250 0.029687 0.028125
0 0.733594 0.905469 0.026562 0.026562
0 0.669531 0.901563 0.032813 0.021875
0 0.612500 0.898438 0.037500 0.025000
0 0.547656 0.896094 0.039062 0.029687
0 0.416406 0.884375 0.017188 0.018750
0 0.474219 0.884375 0.023438 0.025000
0 0.350000 0.878906 0.021875 0.020313
0 0.103125 0.874219 0.015625 0.014063
0 0.046094 0.874219 0.023438 0.023438
0 0.289844 0.873437 0.029687 0.028125
0 0.162500 0.872656 0.028125 0.026562
0 0.225781 0.872656 0.026562 0.029687
0 0.928125 0.825000 0.028125 0.025000
0 0.861719 0.820312 0.026562 0.025000
0 0.797656 0.814844 0.023438 0.020313
0 0.675000 0.807031 0.015625 0.017188
0 0.614062 0.808594 0.021875 0.020313
0 0.737500 0.808594 0.018750 0.023438
0 0.548438 0.801562 0.025000 0.018750
0 0.417969 0.795312 0.014063 0.012500
0 0.478906 0.795312 0.020313 0.018750
0 0.357031 0.787500 0.029687 0.025000
0 0.110156 0.782813 0.014063 0.018750
0 0.289844 0.782813 0.020313 0.025000
0 0.166406 0.779687 0.023438 0.021875
0 0.049219 0.778906 0.014063 0.020313
0 0.229687 0.777344 0.021875 0.026562
0 0.873437 0.742188 0.015625 0.018750
0 0.756250 0.739844 0.018750 0.020313
0 0.622656 0.732031 0.014063 0.014063
0 0.815625 0.732031 0.015625 0.017188
0 0.690625 0.732031 0.018750 0.020313
0 0.567187 0.726562 0.018750 0.018750
0 0.499219 0.715625 0.020313 0.018750
0 0.443750 0.714063 0.015625 0.018750
0 0.375781 0.706250 0.007812 0.012500
0 0.310156 0.703125 0.014063 0.012500
0 0.179688 0.703906 0.018750 0.014063
0 0.244531 0.701562 0.017188 0.021875
0 0.128125 0.692187 0.012500 0.015625
0 0.817187 0.647656 0.012500 0.017188
0 0.759375 0.648438 0.018750 0.021875
0 0.694531 0.642969 0.020313 0.023438
0 0.567187 0.639062 0.012500 0.015625
0 0.453906 0.631250 0.023438 0.025000
0 0.942969 0.642188 0.026562 0.025000
0 0.627344 0.639062 0.020313 0.021875
0 0.492188 0.630469 0.018750 0.014063
0 0.376563 0.614062 0.018750 0.018750
0 0.250781 0.612500 0.020313 0.021875
0 0.314063 0.607812 0.012500 0.018750
0 0.185938 0.607812 0.021875 0.028125
0 0.008594 0.597656 0.014063 0.017188
0 0.126562 0.599219 0.015625 0.023438
0 0.079687 0.585156 0.034375 0.035937
0 0.943750 0.561719 0.012500 0.017188
0 0.885938 0.555469 0.009375 0.014063
0 0.767188 0.558594 0.018750 0.020313
0 0.444531 0.534375 0.014063 0.015625
0 0.267188 0.522656 0.018750 0.017188
0 0.136719 0.516406 0.026562 0.026562
0 0.193750 0.520312 0.015625 0.018750
0 0.764062 0.471875 0.012500 0.015625
0 0.700781 0.470313 0.020313 0.018750
0 0.823438 0.467187 0.018750 0.018750
0 0.637500 0.463281 0.025000 0.029687
0 0.954688 0.463281 0.012500 0.014063
0 0.575781 0.457813 0.026562 0.031250
0 0.516406 0.450000 0.017188 0.012500
0 0.455469 0.448437 0.029687 0.025000
0 0.387500 0.443750 0.018750 0.018750
0 0.330469 0.436719 0.010937 0.010937
0 0.263281 0.437500 0.017188 0.018750
0 0.203125 0.435156 0.015625 0.020313
0 0.141406 0.428906 0.020313 0.020313
0 0.012500 0.421094 0.021875 0.014063
0 0.955469 0.382031 0.014063 0.020313
0 0.893750 0.380469 0.015625 0.017188
0 0.829688 0.378125 0.028125 0.018750
0 0.701562 0.375781 0.012500 0.014063
0 0.763281 0.377344 0.020313 0.020313
0 0.641406 0.372656 0.017188 0.020313
0 0.577344 0.365625 0.020313 0.015625
0 0.516406 0.357812 0.023438 0.021875
0 0.394531 0.350000 0.010937 0.015625
0 0.201563 0.345313 0.021875 0.028125
0 0.333594 0.346875 0.014063 0.018750
0 0.265625 0.342187 0.012500 0.015625
0 0.138281 0.340625 0.020313 0.021875
0 0.086719 0.335156 0.020313 0.020313
0 0.015625 0.329688 0.028125 0.015625
0 0.956250 0.288281 0.018750 0.017188
0 0.825781 0.288281 0.023438 0.020313
0 0.706250 0.286719 0.015625 0.017188
0 0.896875 0.286719 0.021875 0.020313
0 0.767188 0.285938 0.021875 0.021875
0 0.642969 0.284375 0.017188 0.018750
0 0.578125 0.274219 0.018750 0.017188
0 0.517188 0.267969 0.015625 0.014063
0 0.267188 0.263281 0.012500 0.010937
0 0.400000 0.260937 0.015625 0.015625
0 0.332813 0.259375 0.009375 0.015625
0 0.142969 0.249219 0.017188 0.017188
0 0.089063 0.245312 0.012500 0.015625
0 0.017969 0.235156 0.023438 0.017188
0 0.962500 0.199219 0.028125 0.026562
0 0.778906 0.206250 0.020313 0.018750
0 0.908594 0.204687 0.020313 0.018750
0 0.849219 0.206250 0.020313 0.021875
0 0.709375 0.202344 0.015625 0.017188
0 0.650781 0.199219 0.029687 0.029687
0 0.589063 0.193750 0.018750 0.015625
0 0.529687 0.188281 0.018750 0.020313
0 0.470313 0.179688 0.012500 0.012500
0 0.407031 0.179688 0.017188 0.012500
0 0.222656 0.171875 0.017188 0.018750
0 0.289844 0.168750 0.010937 0.015625
0 0.347656 0.168750 0.017188 0.018750
0 0.160156 0.161719 0.017188 0.014063
0 0.038281 0.154688 0.010937 0.012500
0 0.091406 0.158594 0.023438 0.026562
0 0.903906 0.111719 0.020313 0.020313
0 0.842187 0.114844 0.018750 0.020313
0 0.971875 0.113281 0.015625 0.020313
0 0.778125 0.110937 0.015625 0.018750
0 0.645312 0.108594 0.021875 0.014063
0 0.710156 0.106250 0.023438 0.012500
0 0.593750 0.105469 0.025000 0.014063
0 0.469531 0.092188 0.017188 0.025000
0 0.528906 0.096875 0.017188 0.015625
0 0.414844 0.083594 0.020313 0.023438
0 0.352344 0.080469 0.017188 0.020313
0 0.219531 0.081250 0.032813 0.028125
0 0.290625 0.080469 0.015625 0.020313
0 0.156250 0.075000 0.015625 0.018750
0 0.100000 0.065625 0.012500 0.018750
0 0.036719 0.064844 0.020313 0.017188
0 0.891406 0.017188 0.017188 0.012500
0 0.826562 0.014063 0.012500 0.012500
0 0.763281 0.011719 0.017188 0.017188
0 0.700781 0.010937 0.014063 0.018750
0 0.958594 0.018750 0.035937 0.028125
0 0.699219 0.557813 0.020313 0.034375
0 0.633594 0.556250 0.020313 0.025000
0 0.575000 0.541406 0.028125 0.026562
0 0.462500 0.353125 0.034375 0.034375
0 0.460938 0.263281 0.021875 0.023438