0 0.153906 0.987500 0.032813 0.021875
0 0.103906 0.984375 0.035937 0.021875
0 0.039062 0.977344 0.031250 0.026562
0 0.915625 0.934375 0.028125 0.028125
0 0.978906 0.928906 0.035937 0.023438
0 0.853906 0.927344 0.032813 0.026562
0 0.787500 0.925781 0.025000 0.023438
0 0.668750 0.921094 0.025000 0.023438
0 0.730469 0.919531 0.023438 0.023438
0 0.485938 0.918750 0.018750 0.021875
0 0.607812 0.917188 0.025000 0.021875
0 0.542188 0.921094 0.028125 0.029687
0 0.423438 0.917188 0.025000 0.028125
0 0.357812 0.908594 0.037500 0.026562
0 0.291406 0.906250 0.029687 0.028125
0 0.233594 0.905469 0.026562 0.026562
0 0.169531 0.901563 0.032813 0.021875
0 0.112500 0.898438 0.037500 0.025000
0 0.047656 0.896094 0.039062 0.029687
0 0.981250 0.839844 0.018750 0.017188
0 0.926562 0.839844 0.021875 0.020313
0 0.856250 0.838281 0.025000 0.020313
0 0.725781 0.832812 0.017188 0.018750
0 0.785937 0.831250 0.025000 0.025000
0 0.669531 0.828125 0.020313 0.018750
0 0.489844 0.828906 0.020313 0.020313
0 0.609375 0.826562 0.015625 0.018750
0 0.548438 0.828906 0.018750 0.023438
0 0.428125 0.825000 0.028125 0.025000
0 0.361719 0.820312 0.026562 0.025000
0 0.297656 0.814844 0.023438 0.020313
0 0.175000 0.807031 0.015625 0.017188
0 0.114062 0.808594 0.021875 0.020313
0 0.237500 0.808594 0.018750 0.023438
0 0.048438 0.801562 0.025000 0.018750
0 0.938281 0.760156 0.023438 0.020313
0 0.816406 0.750000 0.010937 0.012500
0 0.879687 0.746094 0.028125 0.029687
0 0.373437 0.742188 0.015625 0.018750
0 0.678125 0.742188 0.015625 0.021875
0 0.256250 0.739844 0.018750 0.020313
0 0.122656 0.732031 0.014063 0.014063
0 0.315625 0.732031 0.015625 0.017188
0 0.190625 0.732031 0.018750 0.020313
0 0.067187 0.726562 0.018750 0.018750
0 0.756250 0.651563 0.028125 0.034375
0 0.810156 0.657813 0.010937 0.015625
0 0.937500 0.659375 0.021875 0.021875
0 0.877344 0.657813 0.020313 0.025000
0 0.685156 0.652344 0.020313 0.023438
0 0.317188 0.647656 0.012500 0.017188
0 0.259375 0.648438 0.018750 0.021875
0 0.618750 0.647656 0.018750 0.023438
0 0.562500 0.643750 0.015625 0.021875
0 0.498437 0.646875 0.015625 0.028125
0 0.194531 0.642969 0.020313 0.023438
0 0.067187 0.639062 0.012500 0.015625
0 0.442969 0.642188 0.026562 0.025000
0 0.127344 0.639062 0.020313 0.021875
0 0.937500 0.585156 0.021875 0.020313
0 0.883594 0.579688 0.017188 0.015625
0 0.755469 0.575000 0.014063 0.018750
0 0.689844 0.567969 0.039062 0.032813
0 0.632031 0.562500 0.035937 0.031250
0 0.443750 0.561719 0.012500 0.017188
0 0.512500 0.559375 0.018750 0.018750
0 0.385937 0.555469 0.009375 0.014063
0 0.267188 0.558594 0.018750 0.020313
0 0.890625 0.484375 0.025000 0.028125
0 0.944531 0.487500 0.023438 0.021875
0 0.818750 0.484375 0.021875 0.018750
0 0.760156 0.476562 0.020313 0.018750
0 0.696875 0.475000 0.018750 0.021875
0 0.264062 0.471875 0.012500 0.015625
0 0.633594 0.471094 0.020313 0.020313
0 0.200781 0.470313 0.020313 0.018750
0 0.513281 0.470313 0.020313 0.021875
0 0.323437 0.467187 0.018750 0.018750
0 0.137500 0.463281 0.025000 0.029687
0 0.574219 0.467187 0.020313 0.021875
0 0.454688 0.463281 0.012500 0.014063
0 0.075781 0.457813 0.026562 0.031250
0 0.016406 0.450000 0.017188 0.012500
0 0.950781 0.396094 0.014063 0.017188
0 0.890625 0.387500 0.031250 0.028125
0 0.828125 0.391406 0.018750 0.020313
0 0.697656 0.384375 0.014063 0.015625
0 0.764844 0.384375 0.020313 0.021875
0 0.635938 0.382812 0.018750 0.018750
0 0.455469 0.382031 0.014063 0.020313
0 0.393750 0.380469 0.015625 0.017188
0 0.329688 0.378125 0.028125 0.018750
0 0.201563 0.375781 0.012500 0.014063
0 0.517188 0.377344 0.021875 0.020313
0 0.263281 0.377344 0.020313 0.020313
0 0.577344 0.377344 0.020313 0.023438
0 0.141406 0.372656 0.017188 0.020313
0 0.077344 0.365625 0.020313 0.015625
0 0.016406 0.357812 0.023438 0.021875
0 0.951562 0.307031 0.015625 0.017188
0 0.887500 0.303125 0.021875 0.021875
0 0.829688 0.298438 0.018750 0.018750
0 0.761719 0.298438 0.026562 0.018750
0 0.640625 0.289062 0.025000 0.018750
0 0.456250 0.288281 0.018750 0.017188
0 0.700000 0.289844 0.021875 0.023438
0 0.584375 0.289062 0.021875 0.021875
0 0.325781 0.288281 0.023438 0.020313
0 0.206250 0.286719 0.015625 0.017188
0 0.396875 0.286719 0.021875 0.020313
0 0.519531 0.287500 0.023438 0.025000
0 0.267188 0.285938 0.021875 0.021875
0 0.142969 0.284375 0.017188 0.018750
0 0.078125 0.274219 0.018750 0.017188
0 0.017188 0.267969 0.015625 0.014063
0 0.958594 0.220312 0.020313 0.021875
0 0.899219 0.219531 0.017188 0.020313
0 0.839063 0.214062 0.018750 0.018750
0 0.772656 0.212500 0.020313 0.021875
0 0.707031 0.208594 0.023438 0.026562
0 0.649219 0.208594 0.023438 0.020313
0 0.462500 0.199219 0.028125 0.026562
0 0.278906 0.206250 0.020313 0.018750
0 0.408594 0.204687 0.020313 0.018750
0 0.349219 0.206250 0.020313 0.021875
0 0.209375 0.202344 0.015625 0.017188
0 0.150781 0.199219 0.029687 0.029687
0 0.529687 0.203906 0.028125 0.023438
0 0.592187 0.203125 0.018750 0.025000
0 0.089063 0.193750 0.018750 0.015625
0 0.029687 0.188281 0.018750 0.020313
0 0.958594 0.132812 0.026562 0.025000
0 0.902344 0.131250 0.032813 0.021875
0 0.777344 0.120313 0.026562 0.028125
0 0.827344 0.118750 0.032813 0.031250
0 0.712500 0.121094 0.018750 0.017188
0 0.403906 0.111719 0.020313 0.020313
0 0.594531 0.116406 0.017188 0.017188
0 0.656250 0.117188 0.015625 0.025000
0 0.342187 0.114844 0.018750 0.020313
0 0.532031 0.114844 0.020313 0.023438
0 0.471875 0.113281 0.015625 0.020313
0 0.278125 0.110937 0.015625 0.018750
0 0.145313 0.108594 0.021875 0.014063
0 0.210156 0.106250 0.023438 0.012500
0 0.093750 0.105469 0.025000 0.014063
0 0.028906 0.096875 0.017188 0.015625
0 0.946875 0.043750 0.025000 0.025000
0 0.821875 0.035937 0.028125 0.028125
0 0.882812 0.038281 0.018750 0.020313
0 0.758594 0.035156 0.017188 0.020313
0 0.635938 0.031250 0.012500 0.012500
0 0.574219 0.026562 0.017188 0.018750
0 0.391406 0.017188 0.017188 0.012500
0 0.326562 0.014063 0.012500 0.012500
0 0.263281 0.011719 0.017188 0.017188
0 0.200781 0.010937 0.014063 0.018750
0 0.458594 0.018750 0.035937 0.028125
0 0.700000 0.029687 0.025000 0.021875
0 0.820312 0.571875 0.034375 0.031250
0 0.199219 0.557813 0.020313 0.034375
0 0.133594 0.556250 0.020313 0.025000
0 0.075000 0.541406 0.028125 0.026562