0 0.972656 0.945312 0.029687 0.037500
0 0.912500 0.943750 0.034375 0.034375
0 0.856250 0.940625 0.025000 0.028125
0 0.789062 0.935937 0.025000 0.025000
0 0.723437 0.931250 0.043750 0.021875
0 0.415625 0.934375 0.028125 0.028125
0 0.664844 0.928906 0.026562 0.023438
0 0.597656 0.929688 0.035937 0.025000
0 0.478906 0.928906 0.035937 0.023438
0 0.539844 0.932031 0.039062 0.032813
0 0.353906 0.927344 0.032813 0.026562
0 0.287500 0.925781 0.025000 0.023438
0 0.168750 0.921094 0.025000 0.023438
0 0.230469 0.919531 0.023438 0.023438
0 0.107813 0.917188 0.025000 0.021875
0 0.042188 0.921094 0.028125 0.029687
0 0.797656 0.848437 0.017188 0.018750
0 0.977344 0.850781 0.023438 0.026562
0 0.860938 0.847656 0.015625 0.020313
0 0.917969 0.846094 0.017188 0.020313
0 0.660937 0.840625 0.015625 0.015625
0 0.722656 0.840625 0.023438 0.018750
0 0.606250 0.839844 0.015625 0.017188
0 0.481250 0.839844 0.018750 0.017188
0 0.542188 0.840625 0.015625 0.021875
0 0.426563 0.839844 0.021875 0.020313
0 0.356250 0.838281 0.025000 0.020313
0 0.225781 0.832812 0.017188 0.018750
0 0.285938 0.831250 0.025000 0.025000
0 0.169531 0.828125 0.020313 0.018750
0 0.109375 0.826562 0.015625 0.018750
0 0.048438 0.828906 0.018750 0.023438
0 0.925781 0.770312 0.017188 0.018750
0 0.822656 0.766406 0.017188 0.014063
0 0.760156 0.766406 0.039062 0.032813
0 0.560937 0.765625 0.015625 0.015625
0 0.875781 0.763281 0.017188 0.014063
0 0.625781 0.764062 0.026562 0.028125
0 0.690625 0.762500 0.012500 0.018750
0 0.489844 0.762500 0.026562 0.018750
0 0.438281 0.760156 0.023438 0.020313
0 0.316406 0.750000 0.010937 0.012500
0 0.379688 0.746094 0.028125 0.029687
0 0.178125 0.742188 0.015625 0.021875
0 0.990625 0.677344 0.012500 0.023438
0 0.933594 0.681250 0.023438 0.031250
0 0.868750 0.678906 0.028125 0.032813
0 0.625000 0.675781 0.021875 0.026562
0 0.256250 0.651563 0.028125 0.034375
0 0.814063 0.671094 0.021875 0.026562
0 0.562500 0.672656 0.021875 0.029687
0 0.695312 0.671094 0.021875 0.029687
0 0.498437 0.670312 0.028125 0.031250
0 0.310156 0.657813 0.010937 0.015625
0 0.437500 0.659375 0.021875 0.021875
0 0.377344 0.657813 0.020313 0.025000
0 0.185156 0.652344 0.020313 0.023438
0 0.118750 0.647656 0.018750 0.023438
0 0.062500 0.643750 0.015625 0.021875
0 0.817969 0.589844 0.017188 0.017188
0 0.877344 0.588281 0.014063 0.017188
0 0.935156 0.591406 0.023438 0.026562
0 0.635156 0.589063 0.020313 0.021875
0 0.759375 0.585938 0.012500 0.018750
0 0.699219 0.586719 0.010937 0.020313
0 0.437500 0.585156 0.021875 0.020313
0 0.567969 0.589844 0.023438 0.035937
0 0.383594 0.579688 0.017188 0.015625
0 0.507031 0.581250 0.020313 0.021875
0 0.255469 0.575000 0.014063 0.018750
0 0.189844 0.567969 0.039062 0.032813
0 0.132031 0.562500 0.035937 0.031250
0 0.012500 0.559375 0.018750 0.018750
0 0.816406 0.502344 0.026562 0.029687
0 0.876563 0.505469 0.021875 0.023438
0 0.939063 0.503906 0.018750 0.023438
0 0.761719 0.501563 0.020313 0.021875
0 0.699219 0.496875 0.014063 0.021875
0 0.632031 0.496875 0.023438 0.021875
0 0.568750 0.495312 0.028125 0.025000
0 0.390625 0.484375 0.025000 0.028125
0 0.507812 0.490625 0.018750 0.018750
0 0.444531 0.487500 0.023438 0.021875
0 0.318750 0.484375 0.021875 0.018750
0 0.260156 0.476562 0.020313 0.018750
0 0.196875 0.475000 0.018750 0.021875
0 0.133594 0.471094 0.020313 0.020313
0 0.013281 0.470313 0.020313 0.021875
0 0.074219 0.467187 0.020313 0.021875
0 0.878906 0.416406 0.014063 0.020313
0 0.819531 0.411719 0.023438 0.020313
0 0.758594 0.409375 0.020313 0.015625
0 0.937500 0.410156 0.025000 0.020313
0 0.571094 0.407031 0.014063 0.017188
0 0.694531 0.406250 0.023438 0.025000
0 0.628125 0.405469 0.028125 0.026562
0 0.508594 0.402344 0.023438 0.020313
0 0.450781 0.396094 0.014063 0.017188
0 0.390625 0.387500 0.031250 0.028125
0 0.328125 0.391406 0.018750 0.020313
0 0.197656 0.384375 0.014063 0.015625
0 0.264844 0.384375 0.020313 0.021875
0 0.135937 0.382812 0.018750 0.018750
0 0.017188 0.377344 0.021875 0.020313
0 0.077344 0.377344 0.020313 0.023438
0 0.877344 0.326562 0.029687 0.025000
0 0.757031 0.312500 0.026562 0.021875
0 0.939844 0.323437 0.023438 0.021875
0 0.817969 0.315625 0.017188 0.015625
0 0.692187 0.317188 0.018750 0.021875
0 0.626563 0.319531 0.028125 0.026562
0 0.567969 0.315625 0.020313 0.021875
0 0.506250 0.310937 0.021875 0.021875
0 0.451562 0.307031 0.015625 0.017188
0 0.387500 0.303125 0.021875 0.021875
0 0.329688 0.298438 0.018750 0.018750
0 0.261719 0.298438 0.026562 0.018750
0 0.140625 0.289062 0.025000 0.018750
0 0.200000 0.289844 0.021875 0.023438
0 0.084375 0.289062 0.021875 0.021875
0 0.019531 0.287500 0.023438 0.025000
0 0.822656 0.235937 0.020313 0.021875
0 0.571094 0.229687 0.029687 0.031250
0 0.942187 0.235937 0.028125 0.025000
0 0.881250 0.234375 0.021875 0.021875
0 0.761719 0.231250 0.035937 0.025000
0 0.698438 0.231250 0.021875 0.025000
0 0.638281 0.229687 0.029687 0.021875
0 0.520312 0.226562 0.025000 0.021875
0 0.458594 0.220312 0.020313 0.021875
0 0.399219 0.219531 0.017188 0.020313
0 0.339062 0.214062 0.018750 0.018750
0 0.272656 0.212500 0.020313 0.021875
0 0.207031 0.208594 0.023438 0.026562
0 0.149219 0.208594 0.023438 0.020313
0 0.029687 0.203906 0.028125 0.023438
0 0.092188 0.203125 0.018750 0.025000
0 0.945312 0.146875 0.034375 0.034375
0 0.641406 0.141406 0.023438 0.023438
0 0.882031 0.150781 0.020313 0.020313
0 0.825000 0.146094 0.018750 0.020313
0 0.767188 0.144531 0.015625 0.017188
0 0.707031 0.142187 0.026562 0.021875
0 0.578125 0.141406 0.018750 0.017188
0 0.521875 0.135937 0.012500 0.018750
0 0.458594 0.132812 0.026562 0.025000
0 0.402344 0.131250 0.032813 0.021875
0 0.277344 0.120313 0.026562 0.028125
0 0.327344 0.118750 0.032813 0.031250
0 0.212500 0.121094 0.018750 0.017188
0 0.094531 0.116406 0.017188 0.017188
0 0.156250 0.117188 0.015625 0.025000
0 0.032031 0.114844 0.020313 0.023438
0 0.883594 0.057031 0.010937 0.017188
0 0.946875 0.056250 0.015625 0.018750
0 0.758594 0.052344 0.029687 0.026562
0 0.825781 0.055469 0.017188 0.020313
0 0.697656 0.051562 0.029687 0.034375
0 0.632031 0.048438 0.017188 0.018750
0 0.510938 0.042969 0.021875 0.023438
0 0.569531 0.043750 0.017188 0.018750
0 0.446875 0.043750 0.025000 0.025000
0 0.321875 0.035937 0.028125 0.028125
0 0.382812 0.038281 0.018750 0.020313
0 0.258594 0.035156 0.017188 0.020313
0 0.135937 0.031250 0.012500 0.012500
0 0.074219 0.026562 0.017188 0.018750
0 0.200000 0.029687 0.025000 0.021875
0 0.759375 0.667188 0.034375 0.031250
0 0.320312 0.571875 0.034375 0.031250