0 0.534375 0.943750 0.028125 0.021875
0 0.838281 0.946094 0.026562 0.029687
0 0.777344 0.943750 0.029687 0.025000
0 0.601562 0.949219 0.031250 0.035937
0 0.720313 0.948438 0.028125 0.037500
0 0.654687 0.944531 0.034375 0.032813
0 0.472656 0.945312 0.029687 0.037500
0 0.412500 0.943750 0.034375 0.034375
0 0.356250 0.940625 0.025000 0.028125
0 0.289062 0.935937 0.025000 0.025000
0 0.223438 0.931250 0.043750 0.021875
0 0.164844 0.928906 0.026562 0.023438
0 0.097656 0.929688 0.035937 0.025000
0 0.039844 0.932031 0.039062 0.032813
0 0.664062 0.854688 0.021875 0.021875
0 0.723437 0.853125 0.025000 0.021875
0 0.602344 0.853125 0.023438 0.021875
0 0.843750 0.852344 0.028125 0.023438
0 0.782813 0.853125 0.018750 0.025000
0 0.297656 0.848437 0.017188 0.018750
0 0.477344 0.850781 0.023438 0.026562
0 0.360938 0.847656 0.015625 0.020313
0 0.417969 0.846094 0.017188 0.020313
0 0.160938 0.840625 0.015625 0.015625
0 0.540625 0.847656 0.021875 0.032813
0 0.222656 0.840625 0.023438 0.018750
0 0.106250 0.839844 0.015625 0.017188
0 0.042188 0.840625 0.015625 0.021875
0 0.856250 0.772656 0.025000 0.029687
0 0.739062 0.773438 0.012500 0.018750
0 0.803125 0.770312 0.015625 0.018750
0 0.425781 0.770312 0.017188 0.018750
0 0.322656 0.766406 0.017188 0.014063
0 0.260156 0.766406 0.039062 0.032813
0 0.060937 0.765625 0.015625 0.015625
0 0.615625 0.766406 0.028125 0.035937
0 0.555469 0.764844 0.023438 0.017188
0 0.490625 0.767188 0.021875 0.021875
0 0.375781 0.763281 0.017188 0.014063
0 0.125781 0.764062 0.026562 0.028125
0 0.190625 0.762500 0.012500 0.018750
0 0.861719 0.675781 0.029687 0.023438
0 0.746875 0.683594 0.025000 0.029687
0 0.490625 0.677344 0.012500 0.023438
0 0.433594 0.681250 0.023438 0.031250
0 0.553906 0.675000 0.020313 0.025000
0 0.368750 0.678906 0.028125 0.032813
0 0.125000 0.675781 0.021875 0.026562
0 0.686719 0.673438 0.020313 0.025000
0 0.314063 0.671094 0.021875 0.026562
0 0.062500 0.672656 0.021875 0.029687
0 0.613281 0.680469 0.020313 0.048438
0 0.195312 0.671094 0.021875 0.029687
0 0.866406 0.589063 0.014063 0.009375
0 0.317969 0.589844 0.017188 0.017188
0 0.377344 0.588281 0.014063 0.017188
0 0.746875 0.586719 0.009375 0.017188
0 0.435156 0.591406 0.023438 0.026562
0 0.135156 0.589063 0.020313 0.021875
0 0.497656 0.588281 0.017188 0.023438
0 0.259375 0.585938 0.012500 0.018750
0 0.199219 0.586719 0.010937 0.020313
0 0.804688 0.585938 0.015625 0.025000
0 0.628906 0.582812 0.017188 0.021875
0 0.067969 0.589844 0.023438 0.035937
0 0.560937 0.582031 0.025000 0.026562
0 0.316406 0.502344 0.026562 0.029687
0 0.376563 0.505469 0.021875 0.023438
0 0.878125 0.501563 0.015625 0.018750
0 0.812500 0.504687 0.021875 0.025000
0 0.439063 0.503906 0.018750 0.023438
0 0.752344 0.502344 0.023438 0.023438
0 0.261719 0.501563 0.020313 0.021875
0 0.688281 0.500000 0.026562 0.025000
0 0.500781 0.498437 0.020313 0.021875
0 0.199219 0.496875 0.014063 0.021875
0 0.132031 0.496875 0.023438 0.021875
0 0.626563 0.496094 0.025000 0.023438
0 0.564063 0.492969 0.021875 0.020313
0 0.068750 0.495312 0.028125 0.025000
0 0.869531 0.416406 0.032813 0.020313
0 0.378906 0.416406 0.014063 0.020313
0 0.319531 0.411719 0.023438 0.020313
0 0.258594 0.409375 0.020313 0.015625
0 0.809375 0.412500 0.025000 0.025000
0 0.437500 0.410156 0.025000 0.020313
0 0.495312 0.408594 0.028125 0.020313
0 0.071094 0.407031 0.014063 0.017188
0 0.694531 0.407813 0.026562 0.025000
0 0.564844 0.409375 0.020313 0.028125
0 0.760156 0.407031 0.029687 0.026562
0 0.194531 0.406250 0.023438 0.025000
0 0.627344 0.405469 0.026562 0.026562
0 0.128125 0.405469 0.028125 0.026562
0 0.813281 0.327344 0.032813 0.026562
0 0.377344 0.326562 0.029687 0.025000
0 0.257031 0.312500 0.026562 0.021875
0 0.439844 0.323437 0.023438 0.021875
0 0.869531 0.322656 0.032813 0.023438
0 0.749219 0.321875 0.029687 0.025000
0 0.567969 0.319531 0.026562 0.023438
0 0.317969 0.315625 0.017188 0.015625
0 0.499219 0.320312 0.023438 0.028125
0 0.192188 0.317188 0.018750 0.021875
0 0.126562 0.319531 0.028125 0.026562
0 0.627344 0.318750 0.029687 0.028125
0 0.067969 0.315625 0.020313 0.021875
0 0.691406 0.317188 0.032813 0.028125
0 0.814844 0.239063 0.026562 0.021875
0 0.875781 0.236719 0.020313 0.023438
0 0.755469 0.237500 0.026562 0.025000
0 0.322656 0.235937 0.020313 0.021875
0 0.071094 0.229687 0.029687 0.031250
0 0.513281 0.239063 0.035937 0.031250
0 0.442188 0.235937 0.028125 0.025000
0 0.381250 0.234375 0.021875 0.021875
0 0.697656 0.232813 0.032813 0.028125
0 0.261719 0.231250 0.035937 0.025000
0 0.198437 0.231250 0.021875 0.025000
0 0.138281 0.229687 0.029687 0.021875
0 0.638281 0.228906 0.029687 0.023438
0 0.582812 0.228125 0.015625 0.025000
0 0.020313 0.226562 0.025000 0.021875
0 0.445312 0.146875 0.034375 0.034375
0 0.141406 0.141406 0.023438 0.023438
0 0.382031 0.150781 0.020313 0.020313
0 0.882031 0.150000 0.007812 0.021875
0 0.825000 0.150781 0.015625 0.023438
0 0.518750 0.147656 0.015625 0.020313
0 0.761719 0.147656 0.020313 0.023438
0 0.582031 0.144531 0.010937 0.017188
0 0.325000 0.146094 0.018750 0.020313
0 0.267188 0.144531 0.015625 0.017188
0 0.207031 0.142187 0.026562 0.021875
0 0.078125 0.141406 0.018750 0.017188
0 0.702344 0.137500 0.010937 0.015625
0 0.639062 0.139844 0.018750 0.023438
0 0.021875 0.135937 0.012500 0.018750
0 0.873437 0.071875 0.025000 0.021875
0 0.814844 0.071875 0.023438 0.021875
0 0.749219 0.070312 0.026562 0.025000
0 0.689844 0.064844 0.020313 0.023438
0 0.632812 0.062500 0.018750 0.021875
0 0.571094 0.060937 0.020313 0.018750
0 0.509375 0.060156 0.015625 0.017188
0 0.383594 0.057031 0.010937 0.017188
0 0.446875 0.056250 0.015625 0.018750
0 0.258594 0.052344 0.029687 0.026562
0 0.325781 0.055469 0.017188 0.020313
0 0.197656 0.051562 0.029687 0.034375
0 0.132031 0.048438 0.017188 0.018750
0 0.069531 0.043750 0.017188 0.018750
0 0.259375 0.667188 0.034375 0.031250