0 0.955469 0.957031 0.020313 0.023438
0 0.833594 0.954688 0.014063 0.021875
0 0.771875 0.954688 0.025000 0.025000
0 0.892969 0.954688 0.023438 0.028125
0 0.707031 0.951562 0.020313 0.021875
0 0.581250 0.954688 0.031250 0.028125
0 0.644531 0.953906 0.026562 0.029687
0 0.512500 0.952344 0.028125 0.026562
0 0.453125 0.948438 0.031250 0.031250
0 0.258594 0.939844 0.017188 0.023438
0 0.389844 0.942187 0.032813 0.031250
0 0.201563 0.939063 0.025000 0.025000
0 0.331250 0.936719 0.021875 0.023438
0 0.076563 0.937500 0.028125 0.025000
0 0.137500 0.935156 0.021875 0.023438
0 0.011719 0.934375 0.020313 0.025000
0 0.704688 0.864062 0.037500 0.031250
0 0.830469 0.867969 0.020313 0.023438
0 0.960156 0.865625 0.020313 0.021875
0 0.890625 0.866406 0.028125 0.023438
0 0.453906 0.864062 0.020313 0.018750
0 0.766406 0.865625 0.023438 0.025000
0 0.582812 0.864844 0.021875 0.026562
0 0.517188 0.863281 0.028125 0.023438
0 0.636719 0.864844 0.032813 0.029687
0 0.389062 0.857812 0.018750 0.025000
0 0.330469 0.850000 0.020313 0.025000
0 0.271094 0.847656 0.026562 0.026562
0 0.078906 0.846094 0.032813 0.023438
0 0.016406 0.846875 0.029687 0.025000
0 0.142969 0.848437 0.026562 0.031250
0 0.200781 0.847656 0.035937 0.032813
0 0.769531 0.775781 0.035937 0.032813
0 0.834375 0.778125 0.034375 0.034375
0 0.890625 0.773438 0.040625 0.034375
0 0.707812 0.778125 0.025000 0.021875
0 0.645312 0.777344 0.021875 0.023438
0 0.584375 0.775781 0.021875 0.023438
0 0.521875 0.775000 0.025000 0.021875
0 0.957812 0.775000 0.021875 0.025000
0 0.455469 0.771094 0.029687 0.023438
0 0.386719 0.764844 0.026562 0.026562
0 0.015625 0.756250 0.015625 0.012500
0 0.143750 0.760938 0.025000 0.025000
0 0.330469 0.760156 0.020313 0.026562
0 0.270313 0.759375 0.025000 0.025000
0 0.077344 0.756250 0.026562 0.025000
0 0.207031 0.756250 0.032813 0.031250
0 0.957031 0.684375 0.032813 0.028125
0 0.766406 0.682813 0.029687 0.034375
0 0.711719 0.688281 0.020313 0.023438
0 0.900781 0.682813 0.029687 0.040625
0 0.839063 0.682031 0.028125 0.026562
0 0.525000 0.685156 0.025000 0.020313
0 0.584375 0.679688 0.031250 0.037500
0 0.460938 0.681250 0.025000 0.025000
0 0.089063 0.662500 0.037500 0.034375
0 0.386719 0.667188 0.023438 0.025000
0 0.212500 0.669531 0.025000 0.029687
0 0.330469 0.668750 0.029687 0.031250
0 0.267969 0.663281 0.020313 0.023438
0 0.144531 0.663281 0.029687 0.026562
0 0.846094 0.595313 0.026562 0.028125
0 0.966406 0.599219 0.020313 0.023438
0 0.783594 0.592187 0.032813 0.028125
0 0.658594 0.595313 0.029687 0.025000
0 0.906250 0.597656 0.025000 0.026562
0 0.723437 0.595313 0.021875 0.021875
0 0.532813 0.596094 0.031250 0.023438
0 0.468750 0.590625 0.046875 0.025000
0 0.280469 0.583594 0.032813 0.023438
0 0.092969 0.578125 0.032813 0.031250
0 0.400781 0.585156 0.026562 0.029687
0 0.028906 0.573438 0.023438 0.028125
0 0.217188 0.581250 0.028125 0.025000
0 0.340625 0.580469 0.025000 0.026562
0 0.152344 0.578125 0.026562 0.021875
0 0.906250 0.508594 0.021875 0.023438
0 0.850781 0.510156 0.023438 0.026562
0 0.785937 0.507812 0.028125 0.021875
0 0.539844 0.504687 0.042188 0.031250
0 0.971875 0.507031 0.021875 0.023438
0 0.724219 0.506250 0.023438 0.021875
0 0.669531 0.507031 0.020313 0.023438
0 0.600781 0.503125 0.035937 0.034375
0 0.228125 0.489844 0.037500 0.035937
0 0.475781 0.501563 0.029687 0.031250
0 0.406250 0.498437 0.028125 0.028125
0 0.286719 0.490625 0.035937 0.031250
0 0.346094 0.492969 0.026562 0.026562
0 0.098437 0.489844 0.021875 0.023438
0 0.035156 0.486719 0.026562 0.020313
0 0.956250 0.425000 0.028125 0.031250
0 0.896094 0.432031 0.029687 0.026562
0 0.766406 0.422656 0.039062 0.035937
0 0.836719 0.428906 0.029687 0.029687
0 0.710938 0.422656 0.018750 0.020313
0 0.646094 0.412500 0.035937 0.031250
0 0.401562 0.416406 0.031250 0.029687
0 0.587500 0.413281 0.028125 0.026562
0 0.522656 0.412500 0.023438 0.025000
0 0.345313 0.411719 0.021875 0.023438
0 0.159375 0.407031 0.031250 0.035937
0 0.462500 0.411719 0.025000 0.026562
0 0.212500 0.409375 0.021875 0.025000
0 0.095312 0.404687 0.043750 0.034375
0 0.032031 0.400781 0.039062 0.035937
0 0.905469 0.339062 0.032813 0.034375
0 0.963281 0.337500 0.029687 0.028125
0 0.842187 0.339844 0.028125 0.023438
0 0.712500 0.336719 0.025000 0.020313
0 0.778125 0.335156 0.015625 0.020313
0 0.659375 0.331250 0.025000 0.021875
0 0.589844 0.328125 0.029687 0.025000
0 0.347656 0.327344 0.017188 0.023438
0 0.528906 0.323437 0.020313 0.025000
0 0.468750 0.323437 0.025000 0.025000
0 0.408594 0.323437 0.026562 0.025000
0 0.157031 0.321094 0.023438 0.020313
0 0.284375 0.318750 0.018750 0.021875
0 0.221094 0.319531 0.020313 0.026562
0 0.096875 0.315625 0.025000 0.025000
0 0.032813 0.307812 0.025000 0.025000
0 0.849219 0.256250 0.029687 0.034375
0 0.791406 0.251563 0.032813 0.028125
0 0.725000 0.247656 0.021875 0.020313
0 0.662500 0.244531 0.031250 0.023438
0 0.609375 0.239844 0.025000 0.026562
0 0.539062 0.235937 0.021875 0.018750
0 0.417187 0.234375 0.028125 0.025000
0 0.476562 0.232031 0.025000 0.023438
0 0.352344 0.232031 0.026562 0.023438
0 0.165625 0.233594 0.025000 0.029687
0 0.293750 0.230469 0.025000 0.026562
0 0.102344 0.230469 0.026562 0.026562
0 0.225000 0.228906 0.028125 0.026562
0 0.039844 0.220312 0.029687 0.031250
0 0.799219 0.157031 0.026562 0.023438
0 0.975781 0.160938 0.029687 0.031250
0 0.726562 0.155469 0.025000 0.023438
0 0.669531 0.153906 0.029687 0.023438
0 0.608594 0.146875 0.026562 0.025000
0 0.542188 0.146875 0.031250 0.028125
0 0.358594 0.146094 0.029687 0.023438
0 0.479687 0.144531 0.034375 0.023438
0 0.296094 0.143750 0.029687 0.025000
0 0.420312 0.143750 0.031250 0.028125
0 0.234375 0.142187 0.031250 0.025000
0 0.170313 0.141406 0.028125 0.026562
0 0.104688 0.137500 0.031250 0.028125
0 0.044531 0.130469 0.032813 0.026562
0 0.983594 0.068750 0.023438 0.021875
0 0.915625 0.074219 0.028125 0.026562
0 0.849219 0.068750 0.023438 0.021875
0 0.796875 0.065625 0.018750 0.018750
0 0.671875 0.064062 0.021875 0.021875
0 0.732812 0.064062 0.021875 0.025000
0 0.610156 0.061719 0.026562 0.020313
0 0.548438 0.056250 0.028125 0.025000
0 0.483594 0.055469 0.023438 0.023438
0 0.420312 0.056250 0.031250 0.025000
0 0.172656 0.053906 0.026562 0.026562
0 0.357812 0.053906 0.034375 0.029687
0 0.295312 0.050781 0.028125 0.029687
0 0.235937 0.050000 0.028125 0.028125
0 0.108594 0.047656 0.032813 0.029687
0 0.051562 0.045312 0.034375 0.025000
0 0.907813 0.160938 0.031250 0.034375
0 0.962500 0.250781 0.037500 0.039062
0 0.908594 0.253906 0.032813 0.035937
0 0.596094 0.597656 0.032813 0.032813
0 0.157031 0.487500 0.042188 0.028125