0 0.034375 0.943750 0.028125 0.021875
0 0.338281 0.946094 0.026562 0.029687
0 0.277344 0.943750 0.029687 0.025000
0 0.101562 0.949219 0.031250 0.035937
0 0.220312 0.948438 0.028125 0.037500
0 0.154688 0.944531 0.034375 0.032813
0 0.164062 0.854688 0.021875 0.021875
0 0.223438 0.853125 0.025000 0.021875
0 0.102344 0.853125 0.023438 0.021875
0 0.343750 0.852344 0.028125 0.023438
0 0.282813 0.853125 0.018750 0.025000
0 0.040625 0.847656 0.021875 0.032813
0 0.356250 0.772656 0.025000 0.029687
0 0.239063 0.773438 0.012500 0.018750
0 0.303125 0.770312 0.015625 0.018750
0 0.115625 0.766406 0.028125 0.035937
0 0.055469 0.764844 0.023438 0.017188
0 0.361719 0.675781 0.029687 0.023438
0 0.246875 0.683594 0.025000 0.029687
0 0.053906 0.675000 0.020313 0.025000
0 0.186719 0.673438 0.020313 0.025000
0 0.113281 0.680469 0.020313 0.048438
0 0.366406 0.589063 0.014063 0.009375
0 0.246875 0.586719 0.009375 0.017188
0 0.304688 0.585938 0.015625 0.025000
0 0.128906 0.582812 0.017188 0.021875
0 0.060937 0.582031 0.025000 0.026562
0 0.378125 0.501563 0.015625 0.018750
0 0.312500 0.504687 0.021875 0.025000
0 0.252344 0.502344 0.023438 0.023438
0 0.188281 0.500000 0.026562 0.025000
0 0.126562 0.496094 0.025000 0.023438
0 0.064062 0.492969 0.021875 0.020313
0 0.369531 0.416406 0.032813 0.020313
0 0.309375 0.412500 0.025000 0.025000
0 0.194531 0.407813 0.026562 0.025000
0 0.064844 0.409375 0.020313 0.028125
0 0.260156 0.407031 0.029687 0.026562
0 0.127344 0.405469 0.026562 0.026562
0 0.313281 0.327344 0.032813 0.026562
0 0.369531 0.322656 0.032813 0.023438
0 0.249219 0.321875 0.029687 0.025000
0 0.067969 0.319531 0.026562 0.023438
0 0.127344 0.318750 0.029687 0.028125
0 0.191406 0.317188 0.032813 0.028125
0 0.314844 0.239063 0.026562 0.021875
0 0.375781 0.236719 0.020313 0.023438
0 0.255469 0.237500 0.026562 0.025000
0 0.197656 0.232813 0.032813 0.028125
0 0.138281 0.228906 0.029687 0.023438
0 0.082812 0.228125 0.015625 0.025000
0 0.382031 0.150000 0.007812 0.021875
0 0.325000 0.150781 0.015625 0.023438
0 0.018750 0.147656 0.015625 0.020313
0 0.261719 0.147656 0.020313 0.023438
0 0.082031 0.144531 0.010937 0.017188
0 0.202344 0.137500 0.010937 0.015625
0 0.139063 0.139844 0.018750 0.023438
0 0.373437 0.071875 0.025000 0.021875
0 0.314844 0.071875 0.023438 0.021875
0 0.249219 0.070312 0.026562 0.025000
0 0.189844 0.064844 0.020313 0.023438
0 0.132812 0.062500 0.018750 0.021875
0 0.071094 0.060937 0.020313 0.018750
0 0.009375 0.060156 0.015625 0.017188