0 0.345313 0.983594 0.021875 0.029687
0 0.283594 0.980469 0.026562 0.029687
0 0.221094 0.978906 0.020313 0.026562
0 0.159375 0.975000 0.018750 0.025000
0 0.099219 0.975000 0.029687 0.028125
0 0.033594 0.966406 0.026562 0.026562
0 0.938281 0.946875 0.023438 0.025000
0 0.882031 0.941406 0.026562 0.026562
0 0.817187 0.935937 0.025000 0.025000
0 0.692187 0.932031 0.018750 0.017188
0 0.750781 0.934375 0.026562 0.025000
0 0.571875 0.926562 0.025000 0.021875
0 0.617969 0.924219 0.032813 0.029687
0 0.507812 0.920312 0.025000 0.031250
0 0.439063 0.915625 0.031250 0.031250
0 0.321094 0.910156 0.023438 0.023438
0 0.378906 0.909375 0.029687 0.028125
0 0.198437 0.898438 0.021875 0.025000
0 0.010156 0.897656 0.017188 0.023438
0 0.250781 0.900000 0.032813 0.031250
0 0.134375 0.899219 0.034375 0.029687
0 0.069531 0.896875 0.023438 0.028125
0 0.946094 0.857031 0.026562 0.029687
0 0.825781 0.848437 0.029687 0.025000
0 0.887500 0.849219 0.025000 0.032813
0 0.757031 0.844531 0.020313 0.032813
0 0.693750 0.840625 0.021875 0.025000
0 0.628125 0.835938 0.018750 0.021875
0 0.511719 0.835156 0.020313 0.023438
0 0.572656 0.834375 0.023438 0.031250
0 0.448437 0.826562 0.028125 0.031250
0 0.384375 0.826562 0.025000 0.034375
0 0.320312 0.822656 0.025000 0.026562
0 0.264844 0.811719 0.042188 0.026562
0 0.013281 0.809375 0.023438 0.021875
0 0.202344 0.810937 0.035937 0.028125
0 0.135937 0.811719 0.028125 0.029687
0 0.071094 0.809375 0.023438 0.028125
0 0.957812 0.771094 0.028125 0.026562
0 0.892969 0.767969 0.026562 0.029687
0 0.832031 0.763281 0.026562 0.026562
0 0.769531 0.758594 0.026562 0.020313
0 0.707031 0.758594 0.029687 0.020313
0 0.582812 0.753906 0.015625 0.020313
0 0.637500 0.752344 0.021875 0.026562
0 0.521094 0.743750 0.029687 0.021875
0 0.454688 0.740625 0.021875 0.025000
0 0.393750 0.738281 0.025000 0.026562
0 0.270313 0.728125 0.018750 0.018750
0 0.329688 0.728125 0.025000 0.025000
0 0.142187 0.725000 0.025000 0.028125
0 0.018750 0.722656 0.034375 0.023438
0 0.211719 0.722656 0.023438 0.026562
0 0.083594 0.721094 0.023438 0.026562
0 0.963281 0.682813 0.020313 0.028125
0 0.903906 0.678906 0.029687 0.023438
0 0.839844 0.674219 0.026562 0.026562
0 0.771875 0.668750 0.037500 0.028125
0 0.710156 0.664062 0.020313 0.021875
0 0.646094 0.664844 0.023438 0.023438
0 0.586719 0.659375 0.023438 0.018750
0 0.467187 0.652344 0.012500 0.007812
0 0.528125 0.653906 0.018750 0.020313
0 0.402344 0.650000 0.032813 0.021875
0 0.332813 0.642188 0.028125 0.021875
0 0.279687 0.642188 0.028125 0.021875
0 0.212500 0.634375 0.028125 0.021875
0 0.147656 0.635156 0.026562 0.029687
0 0.025000 0.632031 0.031250 0.026562
0 0.089063 0.632812 0.028125 0.031250
0 0.968750 0.596094 0.028125 0.026562
0 0.904687 0.592187 0.025000 0.021875
0 0.844531 0.585938 0.020313 0.021875
0 0.775781 0.584375 0.026562 0.028125
0 0.713281 0.578125 0.023438 0.021875
0 0.653906 0.575000 0.026562 0.028125
0 0.589063 0.573438 0.021875 0.025000
0 0.530469 0.564844 0.026562 0.023438
0 0.462500 0.559375 0.025000 0.021875
0 0.402344 0.559375 0.020313 0.021875
0 0.337500 0.554688 0.028125 0.025000
0 0.153125 0.550000 0.021875 0.021875
0 0.271875 0.549219 0.018750 0.026562
0 0.093750 0.550781 0.018750 0.029687
0 0.027344 0.547656 0.026562 0.023438
0 0.216406 0.543750 0.023438 0.021875
0 0.972656 0.507812 0.032813 0.034375
0 0.914844 0.503125 0.035937 0.025000
0 0.849219 0.496875 0.029687 0.025000
0 0.787500 0.493750 0.034375 0.025000
0 0.653906 0.487500 0.032813 0.021875
0 0.717187 0.492188 0.031250 0.034375
0 0.603906 0.484375 0.035937 0.021875
0 0.539062 0.477344 0.031250 0.026562
0 0.469531 0.473438 0.032813 0.028125
0 0.407031 0.467969 0.023438 0.023438
0 0.343750 0.467187 0.021875 0.021875
0 0.281250 0.460938 0.021875 0.018750
0 0.219531 0.457031 0.032813 0.023438
0 0.040625 0.454688 0.021875 0.021875
0 0.153906 0.457031 0.026562 0.029687
0 0.985938 0.418750 0.018750 0.021875
0 0.923438 0.417187 0.025000 0.028125
0 0.857812 0.408594 0.037500 0.026562
0 0.791406 0.406250 0.029687 0.028125
0 0.733594 0.405469 0.026562 0.026562
0 0.669531 0.401562 0.032813 0.021875
0 0.612500 0.398438 0.037500 0.025000
0 0.547656 0.396094 0.039062 0.029687
0 0.416406 0.384375 0.017188 0.018750
0 0.474219 0.384375 0.023438 0.025000
0 0.350000 0.378906 0.021875 0.020313
0 0.103125 0.374219 0.015625 0.014063
0 0.046094 0.374219 0.023438 0.023438
0 0.289844 0.373437 0.029687 0.028125
0 0.162500 0.372656 0.028125 0.026562
0 0.225781 0.372656 0.026562 0.029687
0 0.928125 0.325000 0.028125 0.025000
0 0.861719 0.320312 0.026562 0.025000
0 0.797656 0.314844 0.023438 0.020313
0 0.675000 0.307031 0.015625 0.017188
0 0.614062 0.308594 0.021875 0.020313
0 0.737500 0.308594 0.018750 0.023438
0 0.548438 0.301563 0.025000 0.018750
0 0.417969 0.295312 0.014063 0.012500
0 0.478906 0.295312 0.020313 0.018750
0 0.357031 0.287500 0.029687 0.025000
0 0.110156 0.282813 0.014063 0.018750
0 0.289844 0.282813 0.020313 0.025000
0 0.166406 0.279687 0.023438 0.021875
0 0.049219 0.278906 0.014063 0.020313
0 0.229687 0.277344 0.021875 0.026562
0 0.873437 0.242188 0.015625 0.018750
0 0.756250 0.239844 0.018750 0.020313
0 0.622656 0.232031 0.014063 0.014063
0 0.815625 0.232031 0.015625 0.017188
0 0.690625 0.232031 0.018750 0.020313
0 0.567187 0.226562 0.018750 0.018750
0 0.499219 0.215625 0.020313 0.018750
0 0.443750 0.214062 0.015625 0.018750
0 0.375781 0.206250 0.007812 0.012500
0 0.310156 0.203125 0.014063 0.012500
0 0.179688 0.203906 0.018750 0.014063
0 0.244531 0.201563 0.017188 0.021875
0 0.128125 0.192188 0.012500 0.015625
0 0.817187 0.147656 0.012500 0.017188
0 0.759375 0.148438 0.018750 0.021875
0 0.694531 0.142969 0.020313 0.023438
0 0.567187 0.139063 0.012500 0.015625
0 0.453906 0.131250 0.023438 0.025000
0 0.942969 0.142187 0.026562 0.025000
0 0.627344 0.139063 0.020313 0.021875
0 0.492188 0.130469 0.018750 0.014063
0 0.376563 0.114062 0.018750 0.018750
0 0.250781 0.112500 0.020313 0.021875
0 0.314063 0.107813 0.012500 0.018750
0 0.185938 0.107813 0.021875 0.028125
0 0.008594 0.097656 0.014063 0.017188
0 0.126562 0.099219 0.015625 0.023438
0 0.079687 0.085156 0.034375 0.035937
0 0.943750 0.061719 0.012500 0.017188
0 0.885938 0.055469 0.009375 0.014063
0 0.767188 0.058594 0.018750 0.020313
0 0.444531 0.034375 0.014063 0.015625
0 0.267188 0.022656 0.018750 0.017188
0 0.136719 0.016406 0.026562 0.026562
0 0.193750 0.020313 0.015625 0.018750
0 0.699219 0.057813 0.020313 0.034375
0 0.633594 0.056250 0.020313 0.025000
0 0.575000 0.041406 0.028125 0.026562