0 0.941406 0.960938 0.026562 0.021875
0 0.873437 0.959375 0.034375 0.021875
0 0.757812 0.958594 0.031250 0.023438
0 0.817187 0.956250 0.040625 0.025000
0 0.693750 0.952344 0.025000 0.023438
0 0.629687 0.951562 0.028125 0.021875
0 0.501563 0.948438 0.025000 0.021875
0 0.438281 0.946875 0.023438 0.025000
0 0.382031 0.941406 0.026562 0.026562
0 0.317188 0.935937 0.025000 0.025000
0 0.192188 0.932031 0.018750 0.017188
0 0.568750 0.940625 0.025000 0.037500
0 0.250781 0.934375 0.026562 0.025000
0 0.071875 0.926562 0.025000 0.021875
0 0.117969 0.924219 0.032813 0.029687
0 0.946875 0.871875 0.040625 0.025000
0 0.887500 0.871875 0.034375 0.034375
0 0.760156 0.864844 0.023438 0.020313
0 0.824219 0.868750 0.029687 0.031250
0 0.572656 0.859375 0.023438 0.021875
0 0.635938 0.858594 0.028125 0.026562
0 0.513281 0.855469 0.029687 0.026562
0 0.446094 0.857031 0.026562 0.029687
0 0.691406 0.857812 0.045312 0.037500
0 0.325781 0.848437 0.029687 0.025000
0 0.387500 0.849219 0.025000 0.032813
0 0.257031 0.844531 0.020313 0.032813
0 0.193750 0.840625 0.021875 0.025000
0 0.128125 0.835938 0.018750 0.021875
0 0.011719 0.835156 0.020313 0.023438
0 0.072656 0.834375 0.023438 0.031250
0 0.891406 0.786719 0.026562 0.026562
0 0.957031 0.784375 0.023438 0.025000
0 0.832812 0.778906 0.025000 0.029687
0 0.766406 0.778125 0.029687 0.034375
0 0.583594 0.771875 0.020313 0.021875
0 0.520312 0.772656 0.025000 0.023438
0 0.705469 0.774219 0.042188 0.032813
0 0.457813 0.771094 0.028125 0.026562
0 0.643750 0.767188 0.025000 0.021875
0 0.392969 0.767969 0.026562 0.029687
0 0.332031 0.763281 0.026562 0.026562
0 0.269531 0.758594 0.026562 0.020313
0 0.207031 0.758594 0.029687 0.020313
0 0.082812 0.753906 0.015625 0.020313
0 0.137500 0.752344 0.021875 0.026562
0 0.021094 0.743750 0.029687 0.021875
0 0.900781 0.693750 0.026562 0.018750
0 0.959375 0.692969 0.031250 0.023438
0 0.767969 0.689844 0.026562 0.020313
0 0.837500 0.687500 0.028125 0.025000
0 0.709375 0.684375 0.028125 0.025000
0 0.463281 0.682813 0.020313 0.028125
0 0.647656 0.682031 0.026562 0.029687
0 0.527344 0.682031 0.026562 0.029687
0 0.403906 0.678906 0.029687 0.023438
0 0.583594 0.681250 0.026562 0.031250
0 0.339844 0.674219 0.026562 0.026562
0 0.271875 0.668750 0.037500 0.028125
0 0.210156 0.664062 0.020313 0.021875
0 0.146094 0.664844 0.023438 0.023438
0 0.086719 0.659375 0.023438 0.018750
0 0.028125 0.653906 0.018750 0.020313
0 0.962500 0.607812 0.028125 0.028125
0 0.836719 0.604688 0.026562 0.021875
0 0.771875 0.600781 0.028125 0.020313
0 0.650781 0.600000 0.020313 0.021875
0 0.710156 0.598437 0.020313 0.021875
0 0.589063 0.596875 0.021875 0.021875
0 0.530469 0.598437 0.023438 0.025000
0 0.905469 0.602344 0.023438 0.039062
0 0.468750 0.596094 0.028125 0.026562
0 0.404687 0.592187 0.025000 0.021875
0 0.344531 0.585938 0.020313 0.021875
0 0.275781 0.584375 0.026562 0.028125
0 0.213281 0.578125 0.023438 0.021875
0 0.153906 0.575000 0.026562 0.028125
0 0.089063 0.573438 0.021875 0.025000
0 0.030469 0.564844 0.026562 0.023438
0 0.969531 0.518750 0.032813 0.025000
0 0.914062 0.518750 0.025000 0.028125
0 0.843750 0.515625 0.034375 0.025000
0 0.778906 0.514062 0.026562 0.021875
0 0.596875 0.509375 0.021875 0.025000
0 0.538281 0.512500 0.023438 0.031250
0 0.720313 0.505469 0.021875 0.020313
0 0.654687 0.507031 0.025000 0.023438
0 0.472656 0.507812 0.032813 0.034375
0 0.414844 0.503125 0.035937 0.025000
0 0.349219 0.496875 0.029687 0.025000
0 0.287500 0.493750 0.034375 0.025000
0 0.153906 0.487500 0.032813 0.021875
0 0.217188 0.492188 0.031250 0.034375
0 0.103906 0.484375 0.035937 0.021875
0 0.039062 0.477344 0.031250 0.026562
0 0.915625 0.434375 0.028125 0.028125
0 0.978906 0.428906 0.035937 0.023438
0 0.853906 0.427344 0.032813 0.026562
0 0.787500 0.425781 0.025000 0.023438
0 0.668750 0.421094 0.025000 0.023438
0 0.730469 0.419531 0.023438 0.023438
0 0.485938 0.418750 0.018750 0.021875
0 0.607812 0.417187 0.025000 0.021875
0 0.542188 0.421094 0.028125 0.029687
0 0.423438 0.417187 0.025000 0.028125
0 0.357812 0.408594 0.037500 0.026562
0 0.291406 0.406250 0.029687 0.028125
0 0.233594 0.405469 0.026562 0.026562
0 0.169531 0.401562 0.032813 0.021875
0 0.112500 0.398438 0.037500 0.025000
0 0.047656 0.396094 0.039062 0.029687
0 0.981250 0.339844 0.018750 0.017188
0 0.926562 0.339844 0.021875 0.020313
0 0.856250 0.338281 0.025000 0.020313
0 0.725781 0.332813 0.017188 0.018750
0 0.785937 0.331250 0.025000 0.025000
0 0.669531 0.328125 0.020313 0.018750
0 0.489844 0.328906 0.020313 0.020313
0 0.609375 0.326562 0.015625 0.018750
0 0.548438 0.328906 0.018750 0.023438
0 0.428125 0.325000 0.028125 0.025000
0 0.361719 0.320312 0.026562 0.025000
0 0.297656 0.314844 0.023438 0.020313
0 0.175000 0.307031 0.015625 0.017188
0 0.114062 0.308594 0.021875 0.020313
0 0.237500 0.308594 0.018750 0.023438
0 0.048438 0.301563 0.025000 0.018750
0 0.938281 0.260156 0.023438 0.020313
0 0.816406 0.250000 0.010937 0.012500
0 0.879687 0.246094 0.028125 0.029687
0 0.373437 0.242188 0.015625 0.018750
0 0.678125 0.242188 0.015625 0.021875
0 0.256250 0.239844 0.018750 0.020313
0 0.122656 0.232031 0.014063 0.014063
0 0.315625 0.232031 0.015625 0.017188
0 0.190625 0.232031 0.018750 0.020313
0 0.067187 0.226562 0.018750 0.018750
0 0.756250 0.151562 0.028125 0.034375
0 0.810156 0.157812 0.010937 0.015625
0 0.937500 0.159375 0.021875 0.021875
0 0.877344 0.157812 0.020313 0.025000
0 0.685156 0.152344 0.020313 0.023438
0 0.317188 0.147656 0.012500 0.017188
0 0.259375 0.148438 0.018750 0.021875
0 0.618750 0.147656 0.018750 0.023438
0 0.562500 0.143750 0.015625 0.021875
0 0.498437 0.146875 0.015625 0.028125
0 0.194531 0.142969 0.020313 0.023438
0 0.067187 0.139063 0.012500 0.015625
0 0.442969 0.142187 0.026562 0.025000
0 0.127344 0.139063 0.020313 0.021875
0 0.937500 0.085156 0.021875 0.020313
0 0.883594 0.079687 0.017188 0.015625
0 0.755469 0.075000 0.014063 0.018750
0 0.689844 0.067969 0.039062 0.032813
0 0.632031 0.062500 0.035937 0.031250
0 0.443750 0.061719 0.012500 0.017188
0 0.512500 0.059375 0.018750 0.018750
0 0.385937 0.055469 0.009375 0.014063
0 0.267188 0.058594 0.018750 0.020313
0 0.820312 0.071875 0.034375 0.031250
0 0.199219 0.057813 0.020313 0.034375
0 0.133594 0.056250 0.020313 0.025000
0 0.075000 0.041406 0.028125 0.026562