0 0.822656 0.969531 0.026562 0.026562
0 0.885156 0.968750 0.026562 0.028125
0 0.949219 0.969531 0.035937 0.032813
0 0.757031 0.963281 0.032813 0.026562
0 0.441406 0.960938 0.026562 0.021875
0 0.373437 0.959375 0.034375 0.021875
0 0.632031 0.959375 0.035937 0.025000
0 0.257812 0.958594 0.031250 0.023438
0 0.571875 0.957031 0.028125 0.026562
0 0.507812 0.956250 0.021875 0.025000
0 0.317188 0.956250 0.040625 0.025000
0 0.699219 0.959375 0.029687 0.037500
0 0.193750 0.952344 0.025000 0.023438
0 0.129688 0.951562 0.028125 0.021875
0 0.068750 0.940625 0.025000 0.037500
0 0.953125 0.881250 0.025000 0.028125
0 0.889062 0.880469 0.028125 0.026562
0 0.825781 0.877344 0.029687 0.029687
0 0.764062 0.875781 0.025000 0.029687
0 0.703125 0.874219 0.028125 0.029687
0 0.446875 0.871875 0.040625 0.025000
0 0.514844 0.868750 0.023438 0.028125
0 0.387500 0.871875 0.034375 0.034375
0 0.260156 0.864844 0.023438 0.020313
0 0.644531 0.866406 0.035937 0.026562
0 0.324219 0.868750 0.029687 0.031250
0 0.575781 0.867969 0.023438 0.032813
0 0.072656 0.859375 0.023438 0.021875
0 0.135937 0.858594 0.028125 0.026562
0 0.191406 0.857812 0.045312 0.037500
0 0.957031 0.794531 0.020313 0.023438
0 0.896094 0.792969 0.026562 0.023438
0 0.832812 0.791406 0.021875 0.026562
0 0.772656 0.788281 0.023438 0.026562
0 0.391406 0.786719 0.026562 0.026562
0 0.457031 0.784375 0.023438 0.025000
0 0.521875 0.785937 0.021875 0.031250
0 0.710156 0.783594 0.029687 0.035937
0 0.650000 0.782031 0.031250 0.032813
0 0.583594 0.777344 0.029687 0.026562
0 0.332813 0.778906 0.025000 0.029687
0 0.266406 0.778125 0.029687 0.034375
0 0.083594 0.771875 0.020313 0.021875
0 0.020313 0.772656 0.025000 0.023438
0 0.205469 0.774219 0.042188 0.032813
0 0.143750 0.767188 0.025000 0.021875
0 0.964844 0.707031 0.023438 0.026562
0 0.900781 0.705469 0.029687 0.026562
0 0.835938 0.700781 0.025000 0.023438
0 0.772656 0.700000 0.026562 0.028125
0 0.712500 0.697656 0.025000 0.023438
0 0.400781 0.693750 0.026562 0.018750
0 0.649219 0.694531 0.029687 0.026562
0 0.459375 0.692969 0.031250 0.023438
0 0.524219 0.692187 0.023438 0.025000
0 0.267969 0.689844 0.026562 0.020313
0 0.591406 0.689063 0.026562 0.021875
0 0.337500 0.687500 0.028125 0.025000
0 0.209375 0.684375 0.028125 0.025000
0 0.147656 0.682031 0.026562 0.029687
0 0.027344 0.682031 0.026562 0.029687
0 0.083594 0.681250 0.026562 0.031250
0 0.842969 0.617188 0.032813 0.025000
0 0.959375 0.617188 0.031250 0.031250
0 0.781250 0.614062 0.031250 0.025000
0 0.902344 0.616406 0.029687 0.035937
0 0.589063 0.609375 0.034375 0.028125
0 0.526563 0.607031 0.028125 0.026562
0 0.462500 0.607812 0.028125 0.028125
0 0.336719 0.604688 0.026562 0.021875
0 0.714844 0.607812 0.029687 0.031250
0 0.652344 0.603125 0.029687 0.021875
0 0.271875 0.600781 0.028125 0.020313
0 0.150781 0.600000 0.020313 0.021875
0 0.210156 0.598437 0.020313 0.021875
0 0.089063 0.596875 0.021875 0.021875
0 0.030469 0.598437 0.023438 0.025000
0 0.405469 0.602344 0.023438 0.039062
0 0.965625 0.532813 0.021875 0.025000
0 0.720313 0.523438 0.025000 0.021875
0 0.905469 0.529687 0.029687 0.037500
0 0.785156 0.524219 0.029687 0.026562
0 0.592187 0.521094 0.034375 0.029687
0 0.535156 0.517188 0.020313 0.021875
0 0.469531 0.518750 0.032813 0.025000
0 0.414062 0.518750 0.025000 0.028125
0 0.657031 0.513281 0.023438 0.020313
0 0.343750 0.515625 0.034375 0.025000
0 0.278906 0.514062 0.026562 0.021875
0 0.096875 0.509375 0.021875 0.025000
0 0.038281 0.512500 0.023438 0.031250
0 0.220312 0.505469 0.021875 0.020313
0 0.154688 0.507031 0.025000 0.023438
0 0.972656 0.445312 0.029687 0.037500
0 0.912500 0.443750 0.034375 0.034375
0 0.856250 0.440625 0.025000 0.028125
0 0.789062 0.435937 0.025000 0.025000
0 0.723437 0.431250 0.043750 0.021875
0 0.415625 0.434375 0.028125 0.028125
0 0.664844 0.428906 0.026562 0.023438
0 0.597656 0.429688 0.035937 0.025000
0 0.478906 0.428906 0.035937 0.023438
0 0.539844 0.432031 0.039062 0.032813
0 0.353906 0.427344 0.032813 0.026562
0 0.287500 0.425781 0.025000 0.023438
0 0.168750 0.421094 0.025000 0.023438
0 0.230469 0.419531 0.023438 0.023438
0 0.107813 0.417187 0.025000 0.021875
0 0.042188 0.421094 0.028125 0.029687
0 0.797656 0.348438 0.017188 0.018750
0 0.977344 0.350781 0.023438 0.026562
0 0.860938 0.347656 0.015625 0.020313
0 0.917969 0.346094 0.017188 0.020313
0 0.660937 0.340625 0.015625 0.015625
0 0.722656 0.340625 0.023438 0.018750
0 0.606250 0.339844 0.015625 0.017188
0 0.481250 0.339844 0.018750 0.017188
0 0.542188 0.340625 0.015625 0.021875
0 0.426563 0.339844 0.021875 0.020313
0 0.356250 0.338281 0.025000 0.020313
0 0.225781 0.332813 0.017188 0.018750
0 0.285938 0.331250 0.025000 0.025000
0 0.169531 0.328125 0.020313 0.018750
0 0.109375 0.326562 0.015625 0.018750
0 0.048438 0.328906 0.018750 0.023438
0 0.925781 0.270313 0.017188 0.018750
0 0.822656 0.266406 0.017188 0.014063
0 0.760156 0.266406 0.039062 0.032813
0 0.560937 0.265625 0.015625 0.015625
0 0.875781 0.263281 0.017188 0.014063
0 0.625781 0.264062 0.026562 0.028125
0 0.690625 0.262500 0.012500 0.018750
0 0.489844 0.262500 0.026562 0.018750
0 0.438281 0.260156 0.023438 0.020313
0 0.316406 0.250000 0.010937 0.012500
0 0.379688 0.246094 0.028125 0.029687
0 0.178125 0.242188 0.015625 0.021875
0 0.990625 0.177344 0.012500 0.023438
0 0.933594 0.181250 0.023438 0.031250
0 0.868750 0.178906 0.028125 0.032813
0 0.625000 0.175781 0.021875 0.026562
0 0.256250 0.151562 0.028125 0.034375
0 0.814063 0.171094 0.021875 0.026562
0 0.562500 0.172656 0.021875 0.029687
0 0.695312 0.171094 0.021875 0.029687
0 0.498437 0.170313 0.028125 0.031250
0 0.310156 0.157812 0.010937 0.015625
0 0.437500 0.159375 0.021875 0.021875
0 0.377344 0.157812 0.020313 0.025000
0 0.185156 0.152344 0.020313 0.023438
0 0.118750 0.147656 0.018750 0.023438
0 0.062500 0.143750 0.015625 0.021875
0 0.817969 0.089844 0.017188 0.017188
0 0.877344 0.088281 0.014063 0.017188
0 0.935156 0.091406 0.023438 0.026562
0 0.635156 0.089063 0.020313 0.021875
0 0.759375 0.085938 0.012500 0.018750
0 0.699219 0.086719 0.010937 0.020313
0 0.437500 0.085156 0.021875 0.020313
0 0.567969 0.089844 0.023438 0.035937
0 0.383594 0.079687 0.017188 0.015625
0 0.507031 0.081250 0.020313 0.021875
0 0.255469 0.075000 0.014063 0.018750
0 0.189844 0.067969 0.039062 0.032813
0 0.132031 0.062500 0.035937 0.031250
0 0.012500 0.059375 0.018750 0.018750
0 0.759375 0.167187 0.034375 0.031250
0 0.320312 0.071875 0.034375 0.031250
0 0.845313 0.528906 0.031250 0.032813