0 0.760938 0.973437 0.025000 0.021875
0 0.815625 0.975000 0.028125 0.031250
0 0.568750 0.973437 0.031250 0.028125
0 0.702344 0.971875 0.026562 0.028125
0 0.510938 0.973437 0.025000 0.031250
0 0.875781 0.974219 0.020313 0.035937
0 0.635156 0.971875 0.023438 0.031250
0 0.322656 0.969531 0.026562 0.026562
0 0.385156 0.968750 0.026562 0.028125
0 0.449219 0.969531 0.035937 0.032813
0 0.257031 0.963281 0.032813 0.026562
0 0.132031 0.959375 0.035937 0.025000
0 0.071875 0.957031 0.028125 0.026562
0 0.199219 0.959375 0.029687 0.037500
0 0.879687 0.894531 0.012500 0.023438
0 0.823438 0.886719 0.018750 0.020313
0 0.699219 0.887500 0.026562 0.025000
0 0.765625 0.885156 0.021875 0.026562
0 0.575000 0.884375 0.028125 0.028125
0 0.514062 0.883594 0.034375 0.032813
0 0.453125 0.881250 0.025000 0.028125
0 0.389062 0.880469 0.028125 0.026562
0 0.637500 0.882812 0.034375 0.034375
0 0.325781 0.877344 0.029687 0.029687
0 0.264062 0.875781 0.025000 0.029687
0 0.203125 0.874219 0.028125 0.029687
0 0.014844 0.868750 0.023438 0.028125
0 0.144531 0.866406 0.035937 0.026562
0 0.075781 0.867969 0.023438 0.032813
0 0.875781 0.800000 0.020313 0.028125
0 0.770312 0.796094 0.025000 0.023438
0 0.710938 0.798438 0.028125 0.031250
0 0.639844 0.796094 0.029687 0.026562
0 0.580469 0.796094 0.023438 0.026562
0 0.457031 0.794531 0.020313 0.023438
0 0.523438 0.796094 0.028125 0.029687
0 0.396094 0.792969 0.026562 0.023438
0 0.828125 0.796094 0.034375 0.032813
0 0.332813 0.791406 0.021875 0.026562
0 0.272656 0.788281 0.023438 0.026562
0 0.021875 0.785937 0.021875 0.031250
0 0.210156 0.783594 0.029687 0.035937
0 0.150000 0.782031 0.031250 0.032813
0 0.083594 0.777344 0.029687 0.026562
0 0.646875 0.714063 0.028125 0.025000
0 0.585938 0.710938 0.021875 0.025000
0 0.525781 0.707031 0.023438 0.020313
0 0.712500 0.709375 0.028125 0.028125
0 0.775000 0.709375 0.028125 0.031250
0 0.464844 0.707031 0.023438 0.026562
0 0.844531 0.707812 0.042188 0.031250
0 0.400781 0.705469 0.029687 0.026562
0 0.335938 0.700781 0.025000 0.023438
0 0.272656 0.700000 0.026562 0.028125
0 0.212500 0.697656 0.025000 0.023438
0 0.149219 0.694531 0.029687 0.026562
0 0.024219 0.692187 0.023438 0.025000
0 0.091406 0.689063 0.026562 0.021875
0 0.769531 0.623437 0.029687 0.028125
0 0.646094 0.621094 0.020313 0.023438
0 0.589844 0.626563 0.032813 0.034375
0 0.835156 0.620313 0.032813 0.028125
0 0.523438 0.618750 0.025000 0.025000
0 0.342969 0.617188 0.032813 0.025000
0 0.710938 0.619531 0.028125 0.032813
0 0.459375 0.617188 0.031250 0.031250
0 0.281250 0.614062 0.031250 0.025000
0 0.402344 0.616406 0.029687 0.035937
0 0.089063 0.609375 0.034375 0.028125
0 0.026562 0.607031 0.028125 0.026562
0 0.214844 0.607812 0.029687 0.031250
0 0.152344 0.603125 0.029687 0.021875
0 0.832812 0.533594 0.031250 0.023438
0 0.526563 0.532031 0.028125 0.023438
0 0.465625 0.532813 0.021875 0.025000
0 0.778125 0.531250 0.031250 0.025000
0 0.651563 0.532031 0.021875 0.026562
0 0.714063 0.529687 0.028125 0.028125
0 0.588281 0.530469 0.026562 0.032813
0 0.220312 0.523438 0.025000 0.021875
0 0.405469 0.529687 0.029687 0.037500
0 0.285156 0.524219 0.029687 0.026562
0 0.092188 0.521094 0.034375 0.029687
0 0.035156 0.517188 0.020313 0.021875
0 0.157031 0.513281 0.023438 0.020313
0 0.534375 0.443750 0.028125 0.021875
0 0.838281 0.446094 0.026562 0.029687
0 0.777344 0.443750 0.029687 0.025000
0 0.601562 0.449219 0.031250 0.035937
0 0.720313 0.448437 0.028125 0.037500
0 0.654687 0.444531 0.034375 0.032813
0 0.472656 0.445312 0.029687 0.037500
0 0.412500 0.443750 0.034375 0.034375
0 0.356250 0.440625 0.025000 0.028125
0 0.289062 0.435937 0.025000 0.025000
0 0.223438 0.431250 0.043750 0.021875
0 0.164844 0.428906 0.026562 0.023438
0 0.097656 0.429688 0.035937 0.025000
0 0.039844 0.432031 0.039062 0.032813
0 0.664062 0.354687 0.021875 0.021875
0 0.723437 0.353125 0.025000 0.021875
0 0.602344 0.353125 0.023438 0.021875
0 0.843750 0.352344 0.028125 0.023438
0 0.782813 0.353125 0.018750 0.025000
0 0.297656 0.348438 0.017188 0.018750
0 0.477344 0.350781 0.023438 0.026562
0 0.360938 0.347656 0.015625 0.020313
0 0.417969 0.346094 0.017188 0.020313
0 0.160938 0.340625 0.015625 0.015625
0 0.540625 0.347656 0.021875 0.032813
0 0.222656 0.340625 0.023438 0.018750
0 0.106250 0.339844 0.015625 0.017188
0 0.042188 0.340625 0.015625 0.021875
0 0.856250 0.272656 0.025000 0.029687
0 0.739062 0.273438 0.012500 0.018750
0 0.803125 0.270313 0.015625 0.018750
0 0.425781 0.270313 0.017188 0.018750
0 0.322656 0.266406 0.017188 0.014063
0 0.260156 0.266406 0.039062 0.032813
0 0.060937 0.265625 0.015625 0.015625
0 0.615625 0.266406 0.028125 0.035937
0 0.555469 0.264844 0.023438 0.017188
0 0.490625 0.267188 0.021875 0.021875
0 0.375781 0.263281 0.017188 0.014063
0 0.125781 0.264062 0.026562 0.028125
0 0.190625 0.262500 0.012500 0.018750
0 0.861719 0.175781 0.029687 0.023438
0 0.746875 0.183594 0.025000 0.029687
0 0.490625 0.177344 0.012500 0.023438
0 0.433594 0.181250 0.023438 0.031250
0 0.553906 0.175000 0.020313 0.025000
0 0.368750 0.178906 0.028125 0.032813
0 0.125000 0.175781 0.021875 0.026562
0 0.686719 0.173437 0.020313 0.025000
0 0.314063 0.171094 0.021875 0.026562
0 0.062500 0.172656 0.021875 0.029687
0 0.613281 0.180469 0.020313 0.048438
0 0.195312 0.171094 0.021875 0.029687
0 0.866406 0.089063 0.014063 0.009375
0 0.317969 0.089844 0.017188 0.017188
0 0.377344 0.088281 0.014063 0.017188
0 0.746875 0.086719 0.009375 0.017188
0 0.435156 0.091406 0.023438 0.026562
0 0.135156 0.089063 0.020313 0.021875
0 0.497656 0.088281 0.017188 0.023438
0 0.259375 0.085938 0.012500 0.018750
0 0.199219 0.086719 0.010937 0.020313
0 0.804688 0.085938 0.015625 0.025000
0 0.628906 0.082812 0.017188 0.021875
0 0.067969 0.089844 0.023438 0.035937
0 0.560937 0.082031 0.025000 0.026562
0 0.259375 0.167187 0.034375 0.031250
0 0.345313 0.528906 0.031250 0.032813