0 0.260937 0.973437 0.025000 0.021875
0 0.315625 0.975000 0.028125 0.031250
0 0.068750 0.973437 0.031250 0.028125
0 0.202344 0.971875 0.026562 0.028125
0 0.375781 0.974219 0.020313 0.035937
0 0.135156 0.971875 0.023438 0.031250
0 0.379688 0.894531 0.012500 0.023438
0 0.323437 0.886719 0.018750 0.020313
0 0.199219 0.887500 0.026562 0.025000
0 0.265625 0.885156 0.021875 0.026562
0 0.075000 0.884375 0.028125 0.028125
0 0.137500 0.882812 0.034375 0.034375
0 0.375781 0.800000 0.020313 0.028125
0 0.270313 0.796094 0.025000 0.023438
0 0.210938 0.798438 0.028125 0.031250
0 0.139844 0.796094 0.029687 0.026562
0 0.080469 0.796094 0.023438 0.026562
0 0.023438 0.796094 0.028125 0.029687
0 0.328125 0.796094 0.034375 0.032813
0 0.146875 0.714063 0.028125 0.025000
0 0.085938 0.710938 0.021875 0.025000
0 0.025781 0.707031 0.023438 0.020313
0 0.212500 0.709375 0.028125 0.028125
0 0.275000 0.709375 0.028125 0.031250
0 0.344531 0.707812 0.042188 0.031250
0 0.269531 0.623437 0.029687 0.028125
0 0.146094 0.621094 0.020313 0.023438
0 0.089844 0.626563 0.032813 0.034375
0 0.335156 0.620313 0.032813 0.028125
0 0.023438 0.618750 0.025000 0.025000
0 0.210938 0.619531 0.028125 0.032813
0 0.332813 0.533594 0.031250 0.023438
0 0.026562 0.532031 0.028125 0.023438
0 0.278125 0.531250 0.031250 0.025000
0 0.151562 0.532031 0.021875 0.026562
0 0.214062 0.529687 0.028125 0.028125
0 0.088281 0.530469 0.026562 0.032813
0 0.034375 0.443750 0.028125 0.021875
0 0.338281 0.446094 0.026562 0.029687
0 0.277344 0.443750 0.029687 0.025000
0 0.101562 0.449219 0.031250 0.035937
0 0.220312 0.448437 0.028125 0.037500
0 0.154688 0.444531 0.034375 0.032813
0 0.164062 0.354687 0.021875 0.021875
0 0.223438 0.353125 0.025000 0.021875
0 0.102344 0.353125 0.023438 0.021875
0 0.343750 0.352344 0.028125 0.023438
0 0.282813 0.353125 0.018750 0.025000
0 0.040625 0.347656 0.021875 0.032813
0 0.356250 0.272656 0.025000 0.029687
0 0.239063 0.273438 0.012500 0.018750
0 0.303125 0.270313 0.015625 0.018750
0 0.115625 0.266406 0.028125 0.035937
0 0.055469 0.264844 0.023438 0.017188
0 0.361719 0.175781 0.029687 0.023438
0 0.246875 0.183594 0.025000 0.029687
0 0.053906 0.175000 0.020313 0.025000
0 0.186719 0.173437 0.020313 0.025000
0 0.113281 0.180469 0.020313 0.048438
0 0.366406 0.089063 0.014063 0.009375
0 0.246875 0.086719 0.009375 0.017188
0 0.304688 0.085938 0.015625 0.025000
0 0.128906 0.082812 0.017188 0.021875
0 0.060937 0.082031 0.025000 0.026562