0 0.943750 0.861719 0.034375 0.023438
0 0.827344 0.858594 0.035937 0.026562
0 0.765625 0.858594 0.028125 0.026562
0 0.698438 0.858594 0.034375 0.026562
0 0.889062 0.857031 0.040625 0.032813
0 0.636719 0.854688 0.035937 0.031250
0 0.567969 0.849219 0.032813 0.032813
0 0.503906 0.849219 0.032813 0.035937
0 0.328125 0.844531 0.034375 0.026562
0 0.388281 0.840625 0.039062 0.028125
0 0.263281 0.837500 0.032813 0.028125
0 0.131250 0.836719 0.043750 0.029687
0 0.200000 0.833594 0.028125 0.029687
0 0.075781 0.831250 0.039062 0.031250
0 0.017188 0.823438 0.031250 0.021875
0 0.944531 0.779687 0.032813 0.025000
0 0.885938 0.772656 0.034375 0.023438
0 0.827344 0.769531 0.029687 0.023438
0 0.765625 0.771094 0.028125 0.029687
0 0.699219 0.768750 0.026562 0.031250
0 0.632812 0.766406 0.028125 0.026562
0 0.571875 0.760938 0.037500 0.028125
0 0.450000 0.757812 0.031250 0.025000
0 0.507031 0.757031 0.039062 0.032813
0 0.387500 0.753906 0.021875 0.029687
0 0.329688 0.750000 0.018750 0.025000
0 0.268750 0.748437 0.021875 0.025000
0 0.137500 0.747656 0.028125 0.026562
0 0.210156 0.746094 0.026562 0.026562
0 0.016406 0.739062 0.029687 0.021875
0 0.078906 0.742188 0.032813 0.031250
0 0.944531 0.689844 0.029687 0.032813
0 0.825781 0.683594 0.023438 0.026562
0 0.890625 0.683594 0.031250 0.029687
0 0.767969 0.678125 0.026562 0.025000
0 0.705469 0.678125 0.032813 0.034375
0 0.635938 0.675000 0.034375 0.031250
0 0.510156 0.671094 0.042188 0.026562
0 0.454688 0.670312 0.028125 0.028125
0 0.392188 0.666406 0.025000 0.026562
0 0.330469 0.662500 0.026562 0.021875
0 0.270313 0.661719 0.021875 0.020313
0 0.577344 0.669531 0.035937 0.042188
0 0.212500 0.657813 0.028125 0.025000
0 0.144531 0.659375 0.026562 0.031250
0 0.082031 0.653125 0.032813 0.025000
0 0.017969 0.648438 0.032813 0.025000
0 0.212500 0.562500 0.028125 0.031250
0 0.953906 0.601562 0.026562 0.031250
0 0.835156 0.596094 0.023438 0.023438
0 0.899219 0.595313 0.026562 0.028125
0 0.710938 0.591406 0.028125 0.026562
0 0.644531 0.589063 0.026562 0.028125
0 0.769531 0.589844 0.035937 0.032813
0 0.523438 0.582031 0.034375 0.026562
0 0.456250 0.582031 0.028125 0.026562
0 0.403125 0.577344 0.037500 0.029687
0 0.335156 0.574219 0.023438 0.023438
0 0.023438 0.561719 0.043750 0.039062
0 0.276562 0.572656 0.021875 0.035937
0 0.094531 0.564063 0.035937 0.028125
0 0.956250 0.512500 0.028125 0.025000
0 0.907031 0.507812 0.026562 0.021875
0 0.842969 0.503906 0.020313 0.026562
0 0.789062 0.501563 0.021875 0.021875
0 0.707812 0.503125 0.034375 0.025000
0 0.596094 0.495312 0.020313 0.021875
0 0.532031 0.489844 0.023438 0.023438
0 0.467187 0.492969 0.025000 0.029687
0 0.402344 0.488281 0.026562 0.026562
0 0.345313 0.483594 0.021875 0.029687
0 0.283594 0.480469 0.026562 0.029687
0 0.221094 0.478906 0.020313 0.026562
0 0.159375 0.475000 0.018750 0.025000
0 0.099219 0.475000 0.029687 0.028125
0 0.033594 0.466406 0.026562 0.026562
0 0.938281 0.446875 0.023438 0.025000
0 0.882031 0.441406 0.026562 0.026562
0 0.817187 0.435937 0.025000 0.025000
0 0.692187 0.432031 0.018750 0.017188
0 0.750781 0.434375 0.026562 0.025000
0 0.571875 0.426563 0.025000 0.021875
0 0.617969 0.424219 0.032813 0.029687
0 0.507812 0.420312 0.025000 0.031250
0 0.439063 0.415625 0.031250 0.031250
0 0.321094 0.410156 0.023438 0.023438
0 0.378906 0.409375 0.029687 0.028125
0 0.198437 0.398438 0.021875 0.025000
0 0.010156 0.397656 0.017188 0.023438
0 0.250781 0.400000 0.032813 0.031250
0 0.134375 0.399219 0.034375 0.029687
0 0.069531 0.396875 0.023438 0.028125
0 0.946094 0.357031 0.026562 0.029687
0 0.825781 0.348438 0.029687 0.025000
0 0.887500 0.349219 0.025000 0.032813
0 0.757031 0.344531 0.020313 0.032813
0 0.693750 0.340625 0.021875 0.025000
0 0.628125 0.335938 0.018750 0.021875
0 0.511719 0.335156 0.020313 0.023438
0 0.572656 0.334375 0.023438 0.031250
0 0.448437 0.326562 0.028125 0.031250
0 0.384375 0.326562 0.025000 0.034375
0 0.320312 0.322656 0.025000 0.026562
0 0.264844 0.311719 0.042188 0.026562
0 0.013281 0.309375 0.023438 0.021875
0 0.202344 0.310937 0.035937 0.028125
0 0.135937 0.311719 0.028125 0.029687
0 0.071094 0.309375 0.023438 0.028125
0 0.957812 0.271094 0.028125 0.026562
0 0.892969 0.267969 0.026562 0.029687
0 0.832031 0.263281 0.026562 0.026562
0 0.769531 0.258594 0.026562 0.020313
0 0.707031 0.258594 0.029687 0.020313
0 0.582812 0.253906 0.015625 0.020313
0 0.637500 0.252344 0.021875 0.026562
0 0.521094 0.243750 0.029687 0.021875
0 0.454688 0.240625 0.021875 0.025000
0 0.393750 0.238281 0.025000 0.026562
0 0.270313 0.228125 0.018750 0.018750
0 0.329688 0.228125 0.025000 0.025000
0 0.142187 0.225000 0.025000 0.028125
0 0.018750 0.222656 0.034375 0.023438
0 0.211719 0.222656 0.023438 0.026562
0 0.083594 0.221094 0.023438 0.026562
0 0.963281 0.182812 0.020313 0.028125
0 0.903906 0.178906 0.029687 0.023438
0 0.839844 0.174219 0.026562 0.026562
0 0.771875 0.168750 0.037500 0.028125
0 0.710156 0.164062 0.020313 0.021875
0 0.646094 0.164844 0.023438 0.023438
0 0.586719 0.159375 0.023438 0.018750
0 0.467187 0.152344 0.012500 0.007812
0 0.528125 0.153906 0.018750 0.020313
0 0.402344 0.150000 0.032813 0.021875
0 0.332813 0.142187 0.028125 0.021875
0 0.279687 0.142187 0.028125 0.021875
0 0.212500 0.134375 0.028125 0.021875
0 0.147656 0.135156 0.026562 0.029687
0 0.025000 0.132031 0.031250 0.026562
0 0.089063 0.132812 0.028125 0.031250
0 0.968750 0.096094 0.028125 0.026562
0 0.904687 0.092188 0.025000 0.021875
0 0.844531 0.085938 0.020313 0.021875
0 0.775781 0.084375 0.026562 0.028125
0 0.713281 0.078125 0.023438 0.021875
0 0.653906 0.075000 0.026562 0.028125
0 0.589063 0.073438 0.021875 0.025000
0 0.530469 0.064844 0.026562 0.023438
0 0.462500 0.059375 0.025000 0.021875
0 0.402344 0.059375 0.020313 0.021875
0 0.337500 0.054688 0.028125 0.025000
0 0.153125 0.050000 0.021875 0.021875
0 0.271875 0.049219 0.018750 0.026562
0 0.093750 0.050781 0.018750 0.029687
0 0.027344 0.047656 0.026562 0.023438
0 0.216406 0.043750 0.023438 0.021875
0 0.447656 0.850781 0.039062 0.035937