0 0.938281 0.879687 0.029687 0.012500
0 0.811719 0.875000 0.042188 0.021875
0 0.755469 0.875000 0.035937 0.021875
0 0.878906 0.874219 0.026562 0.023438
0 0.692969 0.873437 0.026562 0.025000
0 0.626563 0.865625 0.037500 0.021875
0 0.573438 0.864062 0.037500 0.018750
0 0.508594 0.863281 0.029687 0.020313
0 0.443750 0.861719 0.034375 0.023438
0 0.327344 0.858594 0.035937 0.026562
0 0.265625 0.858594 0.028125 0.026562
0 0.198437 0.858594 0.034375 0.026562
0 0.389062 0.857031 0.040625 0.032813
0 0.136719 0.854688 0.035937 0.031250
0 0.067969 0.849219 0.032813 0.032813
0 0.817969 0.787500 0.029687 0.021875
0 0.880469 0.789062 0.023438 0.031250
0 0.941406 0.792188 0.029687 0.040625
0 0.693750 0.784375 0.031250 0.025000
0 0.625000 0.784375 0.028125 0.028125
0 0.764062 0.783594 0.025000 0.029687
0 0.565625 0.782813 0.021875 0.028125
0 0.501563 0.784375 0.031250 0.034375
0 0.444531 0.779687 0.032813 0.025000
0 0.385937 0.772656 0.034375 0.023438
0 0.327344 0.769531 0.029687 0.023438
0 0.265625 0.771094 0.028125 0.029687
0 0.199219 0.768750 0.026562 0.031250
0 0.132812 0.766406 0.028125 0.026562
0 0.071875 0.760938 0.037500 0.028125
0 0.945312 0.701562 0.028125 0.031250
0 0.882812 0.696094 0.021875 0.023438
0 0.761719 0.697656 0.029687 0.026562
0 0.824219 0.696094 0.023438 0.026562
0 0.699219 0.695312 0.035937 0.028125
0 0.630469 0.692187 0.026562 0.025000
0 0.571094 0.691406 0.020313 0.026562
0 0.510156 0.692187 0.020313 0.031250
0 0.444531 0.689844 0.029687 0.032813
0 0.325781 0.683594 0.023438 0.026562
0 0.390625 0.683594 0.031250 0.029687
0 0.267969 0.678125 0.026562 0.025000
0 0.205469 0.678125 0.032813 0.034375
0 0.135937 0.675000 0.034375 0.031250
0 0.077344 0.669531 0.035937 0.042188
0 0.953906 0.614844 0.032813 0.026562
0 0.889062 0.611719 0.031250 0.029687
0 0.773438 0.607812 0.015625 0.025000
0 0.707812 0.607812 0.025000 0.025000
0 0.517969 0.603125 0.023438 0.025000
0 0.640625 0.606250 0.034375 0.034375
0 0.579688 0.603125 0.028125 0.028125
0 0.840625 0.603906 0.031250 0.032813
0 0.453906 0.601562 0.026562 0.031250
0 0.335156 0.596094 0.023438 0.023438
0 0.399219 0.595313 0.026562 0.028125
0 0.210938 0.591406 0.028125 0.026562
0 0.144531 0.589063 0.026562 0.028125
0 0.269531 0.589844 0.035937 0.032813
0 0.023438 0.582031 0.034375 0.026562
0 0.960938 0.523438 0.025000 0.031250
0 0.838281 0.519531 0.023438 0.023438
0 0.900000 0.519531 0.034375 0.026562
0 0.767188 0.514844 0.025000 0.020313
0 0.710938 0.517188 0.028125 0.025000
0 0.644531 0.517188 0.023438 0.028125
0 0.520312 0.515625 0.018750 0.025000
0 0.578125 0.515625 0.025000 0.028125
0 0.456250 0.512500 0.028125 0.025000
0 0.407031 0.507812 0.026562 0.021875
0 0.342969 0.503906 0.020313 0.026562
0 0.289062 0.501563 0.021875 0.021875
0 0.207813 0.503125 0.034375 0.025000
0 0.096094 0.495312 0.020313 0.021875
0 0.032031 0.489844 0.023438 0.023438
0 0.941406 0.460938 0.026562 0.021875
0 0.873437 0.459375 0.034375 0.021875
0 0.757812 0.458594 0.031250 0.023438
0 0.817187 0.456250 0.040625 0.025000
0 0.693750 0.452344 0.025000 0.023438
0 0.629687 0.451562 0.028125 0.021875
0 0.501563 0.448437 0.025000 0.021875
0 0.438281 0.446875 0.023438 0.025000
0 0.382031 0.441406 0.026562 0.026562
0 0.317188 0.435937 0.025000 0.025000
0 0.192188 0.432031 0.018750 0.017188
0 0.568750 0.440625 0.025000 0.037500
0 0.250781 0.434375 0.026562 0.025000
0 0.071875 0.426563 0.025000 0.021875
0 0.117969 0.424219 0.032813 0.029687
0 0.946875 0.371875 0.040625 0.025000
0 0.887500 0.371875 0.034375 0.034375
0 0.760156 0.364844 0.023438 0.020313
0 0.824219 0.368750 0.029687 0.031250
0 0.572656 0.359375 0.023438 0.021875
0 0.635938 0.358594 0.028125 0.026562
0 0.513281 0.355469 0.029687 0.026562
0 0.446094 0.357031 0.026562 0.029687
0 0.691406 0.357812 0.045312 0.037500
0 0.325781 0.348438 0.029687 0.025000
0 0.387500 0.349219 0.025000 0.032813
0 0.257031 0.344531 0.020313 0.032813
0 0.193750 0.340625 0.021875 0.025000
0 0.128125 0.335938 0.018750 0.021875
0 0.011719 0.335156 0.020313 0.023438
0 0.072656 0.334375 0.023438 0.031250
0 0.891406 0.286719 0.026562 0.026562
0 0.957031 0.284375 0.023438 0.025000
0 0.832812 0.278906 0.025000 0.029687
0 0.766406 0.278125 0.029687 0.034375
0 0.583594 0.271875 0.020313 0.021875
0 0.520312 0.272656 0.025000 0.023438
0 0.705469 0.274219 0.042188 0.032813
0 0.457813 0.271094 0.028125 0.026562
0 0.643750 0.267188 0.025000 0.021875
0 0.392969 0.267969 0.026562 0.029687
0 0.332031 0.263281 0.026562 0.026562
0 0.269531 0.258594 0.026562 0.020313
0 0.207031 0.258594 0.029687 0.020313
0 0.082812 0.253906 0.015625 0.020313
0 0.137500 0.252344 0.021875 0.026562
0 0.021094 0.243750 0.029687 0.021875
0 0.900781 0.193750 0.026562 0.018750
0 0.959375 0.192969 0.031250 0.023438
0 0.767969 0.189844 0.026562 0.020313
0 0.837500 0.187500 0.028125 0.025000
0 0.709375 0.184375 0.028125 0.025000
0 0.463281 0.182812 0.020313 0.028125
0 0.647656 0.182031 0.026562 0.029687
0 0.527344 0.182031 0.026562 0.029687
0 0.403906 0.178906 0.029687 0.023438
0 0.583594 0.181250 0.026562 0.031250
0 0.339844 0.174219 0.026562 0.026562
0 0.271875 0.168750 0.037500 0.028125
0 0.210156 0.164062 0.020313 0.021875
0 0.146094 0.164844 0.023438 0.023438
0 0.086719 0.159375 0.023438 0.018750
0 0.028125 0.153906 0.018750 0.020313
0 0.962500 0.107813 0.028125 0.028125
0 0.836719 0.104688 0.026562 0.021875
0 0.771875 0.100781 0.028125 0.020313
0 0.650781 0.100000 0.020313 0.021875
0 0.710156 0.098437 0.020313 0.021875
0 0.589063 0.096875 0.021875 0.021875
0 0.530469 0.098437 0.023438 0.025000
0 0.905469 0.102344 0.023438 0.039062
0 0.468750 0.096094 0.028125 0.026562
0 0.404687 0.092188 0.025000 0.021875
0 0.344531 0.085938 0.020313 0.021875
0 0.275781 0.084375 0.026562 0.028125
0 0.213281 0.078125 0.023438 0.021875
0 0.153906 0.075000 0.026562 0.028125
0 0.089063 0.073438 0.021875 0.025000
0 0.030469 0.064844 0.026562 0.023438
0 0.969531 0.018750 0.032813 0.025000
0 0.914062 0.018750 0.025000 0.028125
0 0.843750 0.015625 0.034375 0.025000
0 0.778906 0.014063 0.026562 0.021875