0 0.631250 0.880469 0.018750 0.010937
0 0.568750 0.880469 0.018750 0.010937
0 0.438281 0.879687 0.029687 0.012500
0 0.500781 0.878906 0.029687 0.014063
0 0.311719 0.875000 0.042188 0.021875
0 0.255469 0.875000 0.035937 0.021875
0 0.378906 0.874219 0.026562 0.023438
0 0.192969 0.873437 0.026562 0.025000
0 0.126562 0.865625 0.037500 0.021875
0 0.073438 0.864062 0.037500 0.018750
0 0.940625 0.808594 0.031250 0.026562
0 0.818750 0.809375 0.025000 0.028125
0 0.876563 0.807031 0.018750 0.026562
0 0.757031 0.803125 0.023438 0.021875
0 0.632031 0.799219 0.023438 0.023438
0 0.564844 0.802344 0.026562 0.029687
0 0.689063 0.799219 0.025000 0.026562
0 0.500000 0.797656 0.028125 0.026562
0 0.317969 0.787500 0.029687 0.021875
0 0.380469 0.789062 0.023438 0.031250
0 0.441406 0.792188 0.029687 0.040625
0 0.193750 0.784375 0.031250 0.025000
0 0.125000 0.784375 0.028125 0.028125
0 0.264062 0.783594 0.025000 0.029687
0 0.065625 0.782813 0.021875 0.028125
0 0.818750 0.717187 0.021875 0.021875
0 0.942187 0.716406 0.034375 0.026562
0 0.878906 0.717187 0.023438 0.031250
0 0.765625 0.719531 0.018750 0.035937
0 0.634375 0.710938 0.025000 0.025000
0 0.697656 0.707812 0.020313 0.025000
0 0.566406 0.707031 0.029687 0.026562
0 0.503125 0.707031 0.031250 0.026562
0 0.445312 0.701562 0.028125 0.031250
0 0.382812 0.696094 0.021875 0.023438
0 0.261719 0.697656 0.029687 0.026562
0 0.324219 0.696094 0.023438 0.026562
0 0.199219 0.695312 0.035937 0.028125
0 0.130469 0.692187 0.026562 0.025000
0 0.071094 0.691406 0.020313 0.026562
0 0.832812 0.629687 0.015625 0.028125
0 0.771094 0.628125 0.017188 0.028125
0 0.643750 0.623437 0.025000 0.028125
0 0.710938 0.622656 0.034375 0.029687
0 0.579688 0.621875 0.034375 0.028125
0 0.516406 0.620313 0.023438 0.031250
0 0.453906 0.614844 0.032813 0.026562
0 0.389062 0.611719 0.031250 0.029687
0 0.273438 0.607812 0.015625 0.025000
0 0.207813 0.607812 0.025000 0.025000
0 0.017969 0.603125 0.023438 0.025000
0 0.140625 0.606250 0.034375 0.034375
0 0.079687 0.603125 0.028125 0.028125
0 0.953906 0.628125 0.023438 0.028125
0 0.340625 0.603906 0.031250 0.032813
0 0.960938 0.541406 0.031250 0.023438
0 0.833594 0.540625 0.023438 0.028125
0 0.718750 0.538281 0.021875 0.026562
0 0.654687 0.535156 0.043750 0.026562
0 0.587500 0.533594 0.021875 0.023438
0 0.896094 0.535937 0.023438 0.031250
0 0.522656 0.525000 0.017188 0.018750
0 0.460938 0.523438 0.025000 0.031250
0 0.338281 0.519531 0.023438 0.023438
0 0.400000 0.519531 0.034375 0.026562
0 0.267188 0.514844 0.025000 0.020313
0 0.210938 0.517188 0.028125 0.025000
0 0.144531 0.517188 0.023438 0.028125
0 0.020313 0.515625 0.018750 0.025000
0 0.078125 0.515625 0.025000 0.028125
0 0.822656 0.469531 0.026562 0.026562
0 0.885156 0.468750 0.026562 0.028125
0 0.949219 0.469531 0.035937 0.032813
0 0.757031 0.463281 0.032813 0.026562
0 0.441406 0.460938 0.026562 0.021875
0 0.373437 0.459375 0.034375 0.021875
0 0.632031 0.459375 0.035937 0.025000
0 0.257812 0.458594 0.031250 0.023438
0 0.571875 0.457031 0.028125 0.026562
0 0.507812 0.456250 0.021875 0.025000
0 0.317188 0.456250 0.040625 0.025000
0 0.699219 0.459375 0.029687 0.037500
0 0.193750 0.452344 0.025000 0.023438
0 0.129688 0.451562 0.028125 0.021875
0 0.068750 0.440625 0.025000 0.037500
0 0.953125 0.381250 0.025000 0.028125
0 0.889062 0.380469 0.028125 0.026562
0 0.825781 0.377344 0.029687 0.029687
0 0.764062 0.375781 0.025000 0.029687
0 0.703125 0.374219 0.028125 0.029687
0 0.446875 0.371875 0.040625 0.025000
0 0.514844 0.368750 0.023438 0.028125
0 0.387500 0.371875 0.034375 0.034375
0 0.260156 0.364844 0.023438 0.020313
0 0.644531 0.366406 0.035937 0.026562
0 0.324219 0.368750 0.029687 0.031250
0 0.575781 0.367969 0.023438 0.032813
0 0.072656 0.359375 0.023438 0.021875
0 0.135937 0.358594 0.028125 0.026562
0 0.191406 0.357812 0.045312 0.037500
0 0.957031 0.294531 0.020313 0.023438
0 0.896094 0.292969 0.026562 0.023438
0 0.832812 0.291406 0.021875 0.026562
0 0.772656 0.288281 0.023438 0.026562
0 0.391406 0.286719 0.026562 0.026562
0 0.457031 0.284375 0.023438 0.025000
0 0.521875 0.285938 0.021875 0.031250
0 0.710156 0.283594 0.029687 0.035937
0 0.650000 0.282031 0.031250 0.032813
0 0.583594 0.277344 0.029687 0.026562
0 0.332813 0.278906 0.025000 0.029687
0 0.266406 0.278125 0.029687 0.034375
0 0.083594 0.271875 0.020313 0.021875
0 0.020313 0.272656 0.025000 0.023438
0 0.205469 0.274219 0.042188 0.032813
0 0.143750 0.267188 0.025000 0.021875
0 0.964844 0.207031 0.023438 0.026562
0 0.900781 0.205469 0.029687 0.026562
0 0.835938 0.200781 0.025000 0.023438
0 0.772656 0.200000 0.026562 0.028125
0 0.712500 0.197656 0.025000 0.023438
0 0.400781 0.193750 0.026562 0.018750
0 0.649219 0.194531 0.029687 0.026562
0 0.459375 0.192969 0.031250 0.023438
0 0.524219 0.192188 0.023438 0.025000
0 0.267969 0.189844 0.026562 0.020313
0 0.591406 0.189062 0.026562 0.021875
0 0.337500 0.187500 0.028125 0.025000
0 0.209375 0.184375 0.028125 0.025000
0 0.147656 0.182031 0.026562 0.029687
0 0.027344 0.182031 0.026562 0.029687
0 0.083594 0.181250 0.026562 0.031250
0 0.842969 0.117188 0.032813 0.025000
0 0.959375 0.117188 0.031250 0.031250
0 0.781250 0.114062 0.031250 0.025000
0 0.902344 0.116406 0.029687 0.035937
0 0.589063 0.109375 0.034375 0.028125
0 0.526563 0.107031 0.028125 0.026562
0 0.462500 0.107813 0.028125 0.028125
0 0.336719 0.104688 0.026562 0.021875
0 0.714844 0.107813 0.029687 0.031250
0 0.652344 0.103125 0.029687 0.021875
0 0.271875 0.100781 0.028125 0.020313
0 0.150781 0.100000 0.020313 0.021875
0 0.210156 0.098437 0.020313 0.021875
0 0.089063 0.096875 0.021875 0.021875
0 0.030469 0.098437 0.023438 0.025000
0 0.405469 0.102344 0.023438 0.039062
0 0.965625 0.032813 0.021875 0.025000
0 0.720313 0.023438 0.025000 0.021875
0 0.905469 0.029687 0.029687 0.037500
0 0.785156 0.024219 0.029687 0.026562
0 0.592187 0.021094 0.034375 0.029687
0 0.535156 0.017188 0.020313 0.021875
0 0.469531 0.018750 0.032813 0.025000
0 0.414062 0.018750 0.025000 0.028125
0 0.657031 0.013281 0.023438 0.020313
0 0.343750 0.015625 0.034375 0.025000
0 0.278906 0.014063 0.026562 0.021875
0 0.845313 0.028906 0.031250 0.032813