0 0.131250 0.880469 0.018750 0.010937
0 0.068750 0.880469 0.018750 0.010937
0 0.867188 0.830469 0.037500 0.026562
0 0.810937 0.830469 0.034375 0.035937
0 0.689063 0.822656 0.018750 0.020313
0 0.748437 0.823438 0.028125 0.028125
0 0.631250 0.818750 0.025000 0.025000
0 0.567187 0.815625 0.021875 0.025000
0 0.499219 0.812500 0.035937 0.028125
0 0.440625 0.808594 0.031250 0.026562
0 0.318750 0.809375 0.025000 0.028125
0 0.376563 0.807031 0.018750 0.026562
0 0.257031 0.803125 0.023438 0.021875
0 0.132031 0.799219 0.023438 0.023438
0 0.064844 0.802344 0.026562 0.029687
0 0.189062 0.799219 0.025000 0.026562
0 0.869531 0.739844 0.032813 0.020313
0 0.753906 0.737500 0.023438 0.025000
0 0.811719 0.739844 0.029687 0.032813
0 0.691406 0.731250 0.023438 0.025000
0 0.632812 0.728906 0.025000 0.023438
0 0.569531 0.722656 0.023438 0.029687
0 0.509375 0.721094 0.025000 0.026562
0 0.318750 0.717187 0.021875 0.021875
0 0.442188 0.716406 0.034375 0.026562
0 0.378906 0.717187 0.023438 0.031250
0 0.265625 0.719531 0.018750 0.035937
0 0.134375 0.710938 0.025000 0.025000
0 0.197656 0.707812 0.020313 0.025000
0 0.066406 0.707031 0.029687 0.026562
0 0.878125 0.650000 0.015625 0.021875
0 0.818750 0.649219 0.034375 0.029687
0 0.763281 0.646875 0.026562 0.034375
0 0.638281 0.643750 0.042188 0.028125
0 0.586719 0.637500 0.023438 0.021875
0 0.697656 0.646094 0.023438 0.029687
0 0.521875 0.632031 0.028125 0.026562
0 0.332813 0.629687 0.015625 0.028125
0 0.271094 0.628125 0.017188 0.028125
0 0.143750 0.623437 0.025000 0.028125
0 0.210938 0.622656 0.034375 0.029687
0 0.079687 0.621875 0.034375 0.028125
0 0.016406 0.620313 0.023438 0.031250
0 0.453906 0.628125 0.023438 0.028125
0 0.764844 0.559375 0.020313 0.025000
0 0.830469 0.560937 0.029687 0.031250
0 0.646875 0.553125 0.012500 0.018750
0 0.706250 0.555469 0.025000 0.026562
0 0.586719 0.546094 0.017188 0.023438
0 0.527344 0.544531 0.026562 0.023438
0 0.460938 0.541406 0.031250 0.023438
0 0.333594 0.540625 0.023438 0.028125
0 0.218750 0.538281 0.021875 0.026562
0 0.154688 0.535156 0.043750 0.026562
0 0.087500 0.533594 0.021875 0.023438
0 0.396094 0.535937 0.023438 0.031250
0 0.022656 0.525000 0.017188 0.018750
0 0.760938 0.473438 0.025000 0.021875
0 0.815625 0.475000 0.028125 0.031250
0 0.568750 0.473438 0.031250 0.028125
0 0.702344 0.471875 0.026562 0.028125
0 0.510938 0.473438 0.025000 0.031250
0 0.875781 0.474219 0.020313 0.035937
0 0.635156 0.471875 0.023438 0.031250
0 0.322656 0.469531 0.026562 0.026562
0 0.385156 0.468750 0.026562 0.028125
0 0.449219 0.469531 0.035937 0.032813
0 0.257031 0.463281 0.032813 0.026562
0 0.132031 0.459375 0.035937 0.025000
0 0.071875 0.457031 0.028125 0.026562
0 0.199219 0.459375 0.029687 0.037500
0 0.879687 0.394531 0.012500 0.023438
0 0.823438 0.386719 0.018750 0.020313
0 0.699219 0.387500 0.026562 0.025000
0 0.765625 0.385156 0.021875 0.026562
0 0.575000 0.384375 0.028125 0.028125
0 0.514062 0.383594 0.034375 0.032813
0 0.453125 0.381250 0.025000 0.028125
0 0.389062 0.380469 0.028125 0.026562
0 0.637500 0.382812 0.034375 0.034375
0 0.325781 0.377344 0.029687 0.029687
0 0.264062 0.375781 0.025000 0.029687
0 0.203125 0.374219 0.028125 0.029687
0 0.014844 0.368750 0.023438 0.028125
0 0.144531 0.366406 0.035937 0.026562
0 0.075781 0.367969 0.023438 0.032813
0 0.875781 0.300000 0.020313 0.028125
0 0.770312 0.296094 0.025000 0.023438
0 0.710938 0.298438 0.028125 0.031250
0 0.639844 0.296094 0.029687 0.026562
0 0.580469 0.296094 0.023438 0.026562
0 0.457031 0.294531 0.020313 0.023438
0 0.523438 0.296094 0.028125 0.029687
0 0.396094 0.292969 0.026562 0.023438
0 0.828125 0.296094 0.034375 0.032813
0 0.332813 0.291406 0.021875 0.026562
0 0.272656 0.288281 0.023438 0.026562
0 0.021875 0.285938 0.021875 0.031250
0 0.210156 0.283594 0.029687 0.035937
0 0.150000 0.282031 0.031250 0.032813
0 0.083594 0.277344 0.029687 0.026562
0 0.646875 0.214062 0.028125 0.025000
0 0.585938 0.210938 0.021875 0.025000
0 0.525781 0.207031 0.023438 0.020313
0 0.712500 0.209375 0.028125 0.028125
0 0.775000 0.209375 0.028125 0.031250
0 0.464844 0.207031 0.023438 0.026562
0 0.844531 0.207813 0.042188 0.031250
0 0.400781 0.205469 0.029687 0.026562
0 0.335938 0.200781 0.025000 0.023438
0 0.272656 0.200000 0.026562 0.028125
0 0.212500 0.197656 0.025000 0.023438
0 0.149219 0.194531 0.029687 0.026562
0 0.024219 0.192188 0.023438 0.025000
0 0.091406 0.189062 0.026562 0.021875
0 0.769531 0.123438 0.029687 0.028125
0 0.646094 0.121094 0.020313 0.023438
0 0.589844 0.126562 0.032813 0.034375
0 0.835156 0.120313 0.032813 0.028125
0 0.523438 0.118750 0.025000 0.025000
0 0.342969 0.117188 0.032813 0.025000
0 0.710938 0.119531 0.028125 0.032813
0 0.459375 0.117188 0.031250 0.031250
0 0.281250 0.114062 0.031250 0.025000
0 0.402344 0.116406 0.029687 0.035937
0 0.089063 0.109375 0.034375 0.028125
0 0.026562 0.107031 0.028125 0.026562
0 0.214844 0.107813 0.029687 0.031250
0 0.152344 0.103125 0.029687 0.021875
0 0.832812 0.033594 0.031250 0.023438
0 0.526563 0.032031 0.028125 0.023438
0 0.465625 0.032813 0.021875 0.025000
0 0.778125 0.031250 0.031250 0.025000
0 0.651563 0.032031 0.021875 0.026562
0 0.714063 0.029687 0.028125 0.028125
0 0.588281 0.030469 0.026562 0.032813
0 0.220312 0.023438 0.025000 0.021875
0 0.405469 0.029687 0.029687 0.037500
0 0.285156 0.024219 0.029687 0.026562
0 0.092188 0.021094 0.034375 0.029687
0 0.035156 0.017188 0.020313 0.021875
0 0.157031 0.013281 0.023438 0.020313
0 0.345313 0.028906 0.031250 0.032813