0 0.684375 0.972656 0.028125 0.026562
0 0.631250 0.968750 0.015625 0.018750
0 0.933594 0.971875 0.029687 0.028125
0 0.813281 0.971094 0.035937 0.029687
0 0.517188 0.958594 0.040625 0.035937
0 0.752344 0.969531 0.026562 0.029687
0 0.875000 0.966406 0.031250 0.029687
0 0.575781 0.963281 0.023438 0.026562
0 0.455469 0.957031 0.020313 0.023438
0 0.333594 0.954688 0.014063 0.021875
0 0.271875 0.954688 0.025000 0.025000
0 0.392969 0.954688 0.023438 0.028125
0 0.207031 0.951562 0.020313 0.021875
0 0.081250 0.954688 0.031250 0.028125
0 0.144531 0.953906 0.026562 0.029687
0 0.748437 0.878125 0.028125 0.028125
0 0.984375 0.880469 0.025000 0.026562
0 0.810156 0.880469 0.032813 0.026562
0 0.928125 0.879687 0.025000 0.028125
0 0.639844 0.877344 0.020313 0.023438
0 0.878125 0.876563 0.021875 0.025000
0 0.689063 0.877344 0.031250 0.032813
0 0.204687 0.864062 0.037500 0.031250
0 0.521094 0.866406 0.020313 0.020313
0 0.330469 0.867969 0.020313 0.023438
0 0.580469 0.867969 0.023438 0.026562
0 0.460156 0.865625 0.020313 0.021875
0 0.390625 0.866406 0.028125 0.023438
0 0.266406 0.865625 0.023438 0.025000
0 0.082812 0.864844 0.021875 0.026562
0 0.017188 0.863281 0.028125 0.023438
0 0.136719 0.864844 0.032813 0.029687
0 0.934375 0.793750 0.034375 0.034375
0 0.816406 0.788281 0.035937 0.035937
0 0.698438 0.791406 0.028125 0.029687
0 0.760156 0.792188 0.023438 0.025000
0 0.639062 0.789844 0.028125 0.026562
0 0.578906 0.785937 0.023438 0.025000
0 0.269531 0.775781 0.035937 0.032813
0 0.334375 0.778125 0.034375 0.034375
0 0.390625 0.773438 0.040625 0.034375
0 0.207813 0.778125 0.025000 0.021875
0 0.521094 0.778906 0.026562 0.026562
0 0.145313 0.777344 0.021875 0.023438
0 0.084375 0.775781 0.021875 0.023438
0 0.021875 0.775000 0.025000 0.021875
0 0.457813 0.775000 0.021875 0.025000
0 0.633594 0.706250 0.029687 0.028125
0 0.696875 0.702344 0.040625 0.029687
0 0.825781 0.696094 0.029687 0.035937
0 0.888281 0.698438 0.032813 0.028125
0 0.764062 0.697656 0.021875 0.023438
0 0.582812 0.694531 0.021875 0.026562
0 0.457031 0.684375 0.032813 0.028125
0 0.266406 0.682813 0.029687 0.034375
0 0.211719 0.688281 0.020313 0.023438
0 0.522656 0.687500 0.026562 0.025000
0 0.400781 0.682813 0.029687 0.040625
0 0.339062 0.682031 0.028125 0.026562
0 0.025000 0.685156 0.025000 0.020313
0 0.084375 0.679688 0.031250 0.037500
0 0.718750 0.609375 0.031250 0.034375
0 0.944531 0.611719 0.029687 0.026562
0 0.642969 0.611719 0.032813 0.035937
0 0.896094 0.609375 0.029687 0.034375
0 0.832031 0.610938 0.042188 0.034375
0 0.769531 0.609375 0.032813 0.037500
0 0.529687 0.603906 0.021875 0.023438
0 0.346094 0.595313 0.026562 0.028125
0 0.466406 0.599219 0.020313 0.023438
0 0.283594 0.592187 0.032813 0.028125
0 0.158594 0.595313 0.029687 0.025000
0 0.406250 0.597656 0.025000 0.026562
0 0.223438 0.595313 0.021875 0.021875
0 0.032813 0.596094 0.031250 0.023438
0 0.839063 0.523438 0.031250 0.025000
0 0.946875 0.523438 0.034375 0.034375
0 0.777344 0.528125 0.032813 0.031250
0 0.894531 0.521875 0.035937 0.037500
0 0.723437 0.520312 0.040625 0.031250
0 0.655469 0.517969 0.035937 0.026562
0 0.596094 0.517969 0.020313 0.017188
0 0.530469 0.510938 0.020313 0.018750
0 0.406250 0.508594 0.021875 0.023438
0 0.350781 0.510156 0.023438 0.026562
0 0.285938 0.507812 0.028125 0.021875
0 0.039844 0.504687 0.042188 0.031250
0 0.471875 0.507031 0.021875 0.023438
0 0.224219 0.506250 0.023438 0.021875
0 0.169531 0.507031 0.020313 0.023438
0 0.100781 0.503125 0.035937 0.034375
0 0.948438 0.444531 0.034375 0.032813
0 0.881250 0.439063 0.031250 0.025000
0 0.815625 0.438281 0.025000 0.023438
0 0.755469 0.435156 0.020313 0.023438
0 0.693750 0.431250 0.028125 0.034375
0 0.632031 0.428906 0.029687 0.039062
0 0.456250 0.425000 0.028125 0.031250
0 0.396094 0.432031 0.029687 0.026562
0 0.577344 0.428125 0.023438 0.021875
0 0.514062 0.428125 0.021875 0.021875
0 0.266406 0.422656 0.039062 0.035937
0 0.336719 0.428906 0.029687 0.029687
0 0.210938 0.422656 0.018750 0.020313
0 0.146094 0.412500 0.035937 0.031250
0 0.087500 0.413281 0.028125 0.026562
0 0.022656 0.412500 0.023438 0.025000
0 0.946094 0.350781 0.029687 0.035937
0 0.877344 0.343750 0.035937 0.034375
0 0.697656 0.345313 0.029687 0.028125
0 0.821875 0.342187 0.034375 0.028125
0 0.405469 0.339062 0.032813 0.034375
0 0.763281 0.342187 0.023438 0.018750
0 0.645312 0.342187 0.034375 0.037500
0 0.463281 0.337500 0.029687 0.028125
0 0.582812 0.335938 0.031250 0.028125
0 0.342187 0.339844 0.028125 0.023438
0 0.518750 0.332813 0.034375 0.034375
0 0.212500 0.336719 0.025000 0.020313
0 0.278125 0.335156 0.015625 0.020313
0 0.159375 0.331250 0.025000 0.021875
0 0.089844 0.328125 0.029687 0.025000
0 0.028906 0.323437 0.020313 0.025000
0 0.960938 0.267188 0.031250 0.031250
0 0.902344 0.260156 0.026562 0.032813
0 0.349219 0.256250 0.029687 0.034375
0 0.772656 0.257812 0.026562 0.031250
0 0.592187 0.250781 0.028125 0.023438
0 0.710156 0.252344 0.032813 0.029687
0 0.291406 0.251563 0.032813 0.028125
0 0.835938 0.248438 0.031250 0.031250
0 0.651563 0.252344 0.031250 0.029687
0 0.535937 0.247656 0.037500 0.039062
0 0.225000 0.247656 0.021875 0.020313
0 0.162500 0.244531 0.031250 0.023438
0 0.109375 0.239844 0.025000 0.026562
0 0.039062 0.235937 0.021875 0.018750
0 0.956250 0.182031 0.037500 0.026562
0 0.903906 0.177344 0.026562 0.017188
0 0.839063 0.169531 0.031250 0.035937
0 0.775000 0.164844 0.021875 0.032813
0 0.299219 0.157031 0.026562 0.023438
0 0.715625 0.164062 0.034375 0.034375
0 0.475781 0.160938 0.029687 0.031250
0 0.226562 0.155469 0.025000 0.023438
0 0.654687 0.161719 0.037500 0.032813
0 0.589844 0.160938 0.032813 0.028125
0 0.535937 0.157812 0.028125 0.037500
0 0.169531 0.153906 0.029687 0.023438
0 0.108594 0.146875 0.026562 0.025000
0 0.042188 0.146875 0.031250 0.028125
0 0.964063 0.089063 0.025000 0.025000
0 0.907813 0.081250 0.025000 0.021875
0 0.840625 0.084375 0.037500 0.028125
0 0.483594 0.068750 0.023438 0.021875
0 0.789844 0.078125 0.032813 0.025000
0 0.597656 0.071875 0.017188 0.015625
0 0.724219 0.076563 0.029687 0.028125
0 0.660937 0.073438 0.031250 0.025000
0 0.415625 0.074219 0.028125 0.026562
0 0.349219 0.068750 0.023438 0.021875
0 0.535156 0.068750 0.026562 0.025000
0 0.296875 0.065625 0.018750 0.018750
0 0.171875 0.064062 0.021875 0.021875
0 0.232813 0.064062 0.021875 0.025000
0 0.110156 0.061719 0.026562 0.020313
0 0.048438 0.056250 0.028125 0.025000
0 0.585938 0.608594 0.031250 0.029687
0 0.944531 0.703906 0.039062 0.035937
0 0.407813 0.160938 0.031250 0.034375
0 0.462500 0.250781 0.037500 0.039062
0 0.408594 0.253906 0.032813 0.035937
0 0.096094 0.597656 0.032813 0.032813
0 0.885156 0.786719 0.032813 0.029687