0 0.367188 0.830469 0.037500 0.026562
0 0.310937 0.830469 0.034375 0.035937
0 0.189062 0.822656 0.018750 0.020313
0 0.248438 0.823438 0.028125 0.028125
0 0.131250 0.818750 0.025000 0.025000
0 0.067187 0.815625 0.021875 0.025000
0 0.369531 0.739844 0.032813 0.020313
0 0.253906 0.737500 0.023438 0.025000
0 0.311719 0.739844 0.029687 0.032813
0 0.191406 0.731250 0.023438 0.025000
0 0.132812 0.728906 0.025000 0.023438
0 0.069531 0.722656 0.023438 0.029687
0 0.378125 0.650000 0.015625 0.021875
0 0.318750 0.649219 0.034375 0.029687
0 0.263281 0.646875 0.026562 0.034375
0 0.138281 0.643750 0.042188 0.028125
0 0.086719 0.637500 0.023438 0.021875
0 0.197656 0.646094 0.023438 0.029687
0 0.021875 0.632031 0.028125 0.026562
0 0.264844 0.559375 0.020313 0.025000
0 0.330469 0.560937 0.029687 0.031250
0 0.146875 0.553125 0.012500 0.018750
0 0.206250 0.555469 0.025000 0.026562
0 0.086719 0.546094 0.017188 0.023438
0 0.027344 0.544531 0.026562 0.023438
0 0.260937 0.473438 0.025000 0.021875
0 0.315625 0.475000 0.028125 0.031250
0 0.068750 0.473438 0.031250 0.028125
0 0.202344 0.471875 0.026562 0.028125
0 0.375781 0.474219 0.020313 0.035937
0 0.135156 0.471875 0.023438 0.031250
0 0.379688 0.394531 0.012500 0.023438
0 0.323437 0.386719 0.018750 0.020313
0 0.199219 0.387500 0.026562 0.025000
0 0.265625 0.385156 0.021875 0.026562
0 0.075000 0.384375 0.028125 0.028125
0 0.137500 0.382812 0.034375 0.034375
0 0.375781 0.300000 0.020313 0.028125
0 0.270313 0.296094 0.025000 0.023438
0 0.210938 0.298438 0.028125 0.031250
0 0.139844 0.296094 0.029687 0.026562
0 0.080469 0.296094 0.023438 0.026562
0 0.023438 0.296094 0.028125 0.029687
0 0.328125 0.296094 0.034375 0.032813
0 0.146875 0.214062 0.028125 0.025000
0 0.085938 0.210938 0.021875 0.025000
0 0.025781 0.207031 0.023438 0.020313
0 0.212500 0.209375 0.028125 0.028125
0 0.275000 0.209375 0.028125 0.031250
0 0.344531 0.207813 0.042188 0.031250
0 0.269531 0.123438 0.029687 0.028125
0 0.146094 0.121094 0.020313 0.023438
0 0.089844 0.126562 0.032813 0.034375
0 0.335156 0.120313 0.032813 0.028125
0 0.023438 0.118750 0.025000 0.025000
0 0.210938 0.119531 0.028125 0.032813
0 0.332813 0.033594 0.031250 0.023438
0 0.026562 0.032031 0.028125 0.023438
0 0.278125 0.031250 0.031250 0.025000
0 0.151562 0.032031 0.021875 0.026562
0 0.214062 0.029687 0.028125 0.028125
0 0.088281 0.030469 0.026562 0.032813