0 0.943750 0.361719 0.034375 0.023438
0 0.827344 0.358594 0.035937 0.026562
0 0.765625 0.358594 0.028125 0.026562
0 0.698438 0.358594 0.034375 0.026562
0 0.889062 0.357031 0.040625 0.032813
0 0.636719 0.354687 0.035937 0.031250
0 0.567969 0.349219 0.032813 0.032813
0 0.503906 0.349219 0.032813 0.035937
0 0.328125 0.344531 0.034375 0.026562
0 0.388281 0.340625 0.039062 0.028125
0 0.263281 0.337500 0.032813 0.028125
0 0.131250 0.336719 0.043750 0.029687
0 0.200000 0.333594 0.028125 0.029687
0 0.075781 0.331250 0.039062 0.031250
0 0.017188 0.323437 0.031250 0.021875
0 0.944531 0.279687 0.032813 0.025000
0 0.885938 0.272656 0.034375 0.023438
0 0.827344 0.269531 0.029687 0.023438
0 0.765625 0.271094 0.028125 0.029687
0 0.699219 0.268750 0.026562 0.031250
0 0.632812 0.266406 0.028125 0.026562
0 0.571875 0.260937 0.037500 0.028125
0 0.450000 0.257812 0.031250 0.025000
0 0.507031 0.257031 0.039062 0.032813
0 0.387500 0.253906 0.021875 0.029687
0 0.329688 0.250000 0.018750 0.025000
0 0.268750 0.248438 0.021875 0.025000
0 0.137500 0.247656 0.028125 0.026562
0 0.210156 0.246094 0.026562 0.026562
0 0.016406 0.239063 0.029687 0.021875
0 0.078906 0.242188 0.032813 0.031250
0 0.944531 0.189844 0.029687 0.032813
0 0.825781 0.183594 0.023438 0.026562
0 0.890625 0.183594 0.031250 0.029687
0 0.767969 0.178125 0.026562 0.025000
0 0.705469 0.178125 0.032813 0.034375
0 0.635938 0.175000 0.034375 0.031250
0 0.510156 0.171094 0.042188 0.026562
0 0.454688 0.170313 0.028125 0.028125
0 0.392188 0.166406 0.025000 0.026562
0 0.330469 0.162500 0.026562 0.021875
0 0.270313 0.161719 0.021875 0.020313
0 0.577344 0.169531 0.035937 0.042188
0 0.212500 0.157812 0.028125 0.025000
0 0.144531 0.159375 0.026562 0.031250
0 0.082031 0.153125 0.032813 0.025000
0 0.017969 0.148438 0.032813 0.025000
0 0.212500 0.062500 0.028125 0.031250
0 0.953906 0.101562 0.026562 0.031250
0 0.835156 0.096094 0.023438 0.023438
0 0.899219 0.095312 0.026562 0.028125
0 0.710938 0.091406 0.028125 0.026562
0 0.644531 0.089063 0.026562 0.028125
0 0.769531 0.089844 0.035937 0.032813
0 0.523438 0.082031 0.034375 0.026562
0 0.456250 0.082031 0.028125 0.026562
0 0.403125 0.077344 0.037500 0.029687
0 0.335156 0.074219 0.023438 0.023438
0 0.023438 0.061719 0.043750 0.039062
0 0.276562 0.072656 0.021875 0.035937
0 0.094531 0.064062 0.035937 0.028125
0 0.447656 0.350781 0.039062 0.035937