0 0.938281 0.379688 0.029687 0.012500
0 0.811719 0.375000 0.042188 0.021875
0 0.755469 0.375000 0.035937 0.021875
0 0.878906 0.374219 0.026562 0.023438
0 0.692969 0.373437 0.026562 0.025000
0 0.626563 0.365625 0.037500 0.021875
0 0.573438 0.364063 0.037500 0.018750
0 0.508594 0.363281 0.029687 0.020313
0 0.443750 0.361719 0.034375 0.023438
0 0.327344 0.358594 0.035937 0.026562
0 0.265625 0.358594 0.028125 0.026562
0 0.198437 0.358594 0.034375 0.026562
0 0.389062 0.357031 0.040625 0.032813
0 0.136719 0.354687 0.035937 0.031250
0 0.067969 0.349219 0.032813 0.032813
0 0.817969 0.287500 0.029687 0.021875
0 0.880469 0.289062 0.023438 0.031250
0 0.941406 0.292187 0.029687 0.040625
0 0.693750 0.284375 0.031250 0.025000
0 0.625000 0.284375 0.028125 0.028125
0 0.764062 0.283594 0.025000 0.029687
0 0.565625 0.282813 0.021875 0.028125
0 0.501563 0.284375 0.031250 0.034375
0 0.444531 0.279687 0.032813 0.025000
0 0.385937 0.272656 0.034375 0.023438
0 0.327344 0.269531 0.029687 0.023438
0 0.265625 0.271094 0.028125 0.029687
0 0.199219 0.268750 0.026562 0.031250
0 0.132812 0.266406 0.028125 0.026562
0 0.071875 0.260937 0.037500 0.028125
0 0.945312 0.201563 0.028125 0.031250
0 0.882812 0.196094 0.021875 0.023438
0 0.761719 0.197656 0.029687 0.026562
0 0.824219 0.196094 0.023438 0.026562
0 0.699219 0.195312 0.035937 0.028125
0 0.630469 0.192188 0.026562 0.025000
0 0.571094 0.191406 0.020313 0.026562
0 0.510156 0.192188 0.020313 0.031250
0 0.444531 0.189844 0.029687 0.032813
0 0.325781 0.183594 0.023438 0.026562
0 0.390625 0.183594 0.031250 0.029687
0 0.267969 0.178125 0.026562 0.025000
0 0.205469 0.178125 0.032813 0.034375
0 0.135937 0.175000 0.034375 0.031250
0 0.077344 0.169531 0.035937 0.042188
0 0.953906 0.114844 0.032813 0.026562
0 0.889062 0.111719 0.031250 0.029687
0 0.773438 0.107813 0.015625 0.025000
0 0.707812 0.107813 0.025000 0.025000
0 0.517969 0.103125 0.023438 0.025000
0 0.640625 0.106250 0.034375 0.034375
0 0.579688 0.103125 0.028125 0.028125
0 0.840625 0.103906 0.031250 0.032813
0 0.453906 0.101562 0.026562 0.031250
0 0.335156 0.096094 0.023438 0.023438
0 0.399219 0.095312 0.026562 0.028125
0 0.210938 0.091406 0.028125 0.026562
0 0.144531 0.089063 0.026562 0.028125
0 0.269531 0.089844 0.035937 0.032813
0 0.023438 0.082031 0.034375 0.026562
0 0.960938 0.023438 0.025000 0.031250
0 0.838281 0.019531 0.023438 0.023438
0 0.900000 0.019531 0.034375 0.026562
0 0.767188 0.014844 0.025000 0.020313
0 0.710938 0.017188 0.028125 0.025000
0 0.644531 0.017188 0.023438 0.028125
0 0.520312 0.015625 0.018750 0.025000
0 0.578125 0.015625 0.025000 0.028125