0 0.631250 0.380469 0.018750 0.010937
0 0.568750 0.380469 0.018750 0.010937
0 0.438281 0.379688 0.029687 0.012500
0 0.500781 0.378906 0.029687 0.014063
0 0.311719 0.375000 0.042188 0.021875
0 0.255469 0.375000 0.035937 0.021875
0 0.378906 0.374219 0.026562 0.023438
0 0.192969 0.373437 0.026562 0.025000
0 0.126562 0.365625 0.037500 0.021875
0 0.073438 0.364063 0.037500 0.018750
0 0.940625 0.308594 0.031250 0.026562
0 0.818750 0.309375 0.025000 0.028125
0 0.876563 0.307031 0.018750 0.026562
0 0.757031 0.303125 0.023438 0.021875
0 0.632031 0.299219 0.023438 0.023438
0 0.564844 0.302344 0.026562 0.029687
0 0.689063 0.299219 0.025000 0.026562
0 0.500000 0.297656 0.028125 0.026562
0 0.317969 0.287500 0.029687 0.021875
0 0.380469 0.289062 0.023438 0.031250
0 0.441406 0.292187 0.029687 0.040625
0 0.193750 0.284375 0.031250 0.025000
0 0.125000 0.284375 0.028125 0.028125
0 0.264062 0.283594 0.025000 0.029687
0 0.065625 0.282813 0.021875 0.028125
0 0.818750 0.217188 0.021875 0.021875
0 0.942187 0.216406 0.034375 0.026562
0 0.878906 0.217188 0.023438 0.031250
0 0.765625 0.219531 0.018750 0.035937
0 0.634375 0.210938 0.025000 0.025000
0 0.697656 0.207813 0.020313 0.025000
0 0.566406 0.207031 0.029687 0.026562
0 0.503125 0.207031 0.031250 0.026562
0 0.445312 0.201563 0.028125 0.031250
0 0.382812 0.196094 0.021875 0.023438
0 0.261719 0.197656 0.029687 0.026562
0 0.324219 0.196094 0.023438 0.026562
0 0.199219 0.195312 0.035937 0.028125
0 0.130469 0.192188 0.026562 0.025000
0 0.071094 0.191406 0.020313 0.026562
0 0.832812 0.129688 0.015625 0.028125
0 0.771094 0.128125 0.017188 0.028125
0 0.643750 0.123438 0.025000 0.028125
0 0.710938 0.122656 0.034375 0.029687
0 0.579688 0.121875 0.034375 0.028125
0 0.516406 0.120313 0.023438 0.031250
0 0.453906 0.114844 0.032813 0.026562
0 0.389062 0.111719 0.031250 0.029687
0 0.273438 0.107813 0.015625 0.025000
0 0.207813 0.107813 0.025000 0.025000
0 0.017969 0.103125 0.023438 0.025000
0 0.140625 0.106250 0.034375 0.034375
0 0.079687 0.103125 0.028125 0.028125
0 0.953906 0.128125 0.023438 0.028125
0 0.340625 0.103906 0.031250 0.032813
0 0.960938 0.041406 0.031250 0.023438
0 0.833594 0.040625 0.023438 0.028125
0 0.718750 0.038281 0.021875 0.026562
0 0.654687 0.035156 0.043750 0.026562
0 0.587500 0.033594 0.021875 0.023438
0 0.896094 0.035937 0.023438 0.031250
0 0.522656 0.025000 0.017188 0.018750
0 0.460938 0.023438 0.025000 0.031250
0 0.338281 0.019531 0.023438 0.023438
0 0.400000 0.019531 0.034375 0.026562
0 0.267188 0.014844 0.025000 0.020313
0 0.210938 0.017188 0.028125 0.025000
0 0.144531 0.017188 0.023438 0.028125
0 0.020313 0.015625 0.018750 0.025000
0 0.078125 0.015625 0.025000 0.028125