0 0.131250 0.380469 0.018750 0.010937
0 0.068750 0.380469 0.018750 0.010937
0 0.867188 0.330469 0.037500 0.026562
0 0.810937 0.330469 0.034375 0.035937
0 0.689063 0.322656 0.018750 0.020313
0 0.748437 0.323437 0.028125 0.028125
0 0.631250 0.318750 0.025000 0.025000
0 0.567187 0.315625 0.021875 0.025000
0 0.499219 0.312500 0.035937 0.028125
0 0.440625 0.308594 0.031250 0.026562
0 0.318750 0.309375 0.025000 0.028125
0 0.376563 0.307031 0.018750 0.026562
0 0.257031 0.303125 0.023438 0.021875
0 0.132031 0.299219 0.023438 0.023438
0 0.064844 0.302344 0.026562 0.029687
0 0.189062 0.299219 0.025000 0.026562
0 0.869531 0.239844 0.032813 0.020313
0 0.753906 0.237500 0.023438 0.025000
0 0.811719 0.239844 0.029687 0.032813
0 0.691406 0.231250 0.023438 0.025000
0 0.632812 0.228906 0.025000 0.023438
0 0.569531 0.222656 0.023438 0.029687
0 0.509375 0.221094 0.025000 0.026562
0 0.318750 0.217188 0.021875 0.021875
0 0.442188 0.216406 0.034375 0.026562
0 0.378906 0.217188 0.023438 0.031250
0 0.265625 0.219531 0.018750 0.035937
0 0.134375 0.210938 0.025000 0.025000
0 0.197656 0.207813 0.020313 0.025000
0 0.066406 0.207031 0.029687 0.026562
0 0.878125 0.150000 0.015625 0.021875
0 0.818750 0.149219 0.034375 0.029687
0 0.763281 0.146875 0.026562 0.034375
0 0.638281 0.143750 0.042188 0.028125
0 0.586719 0.137500 0.023438 0.021875
0 0.697656 0.146094 0.023438 0.029687
0 0.521875 0.132031 0.028125 0.026562
0 0.332813 0.129688 0.015625 0.028125
0 0.271094 0.128125 0.017188 0.028125
0 0.143750 0.123438 0.025000 0.028125
0 0.210938 0.122656 0.034375 0.029687
0 0.079687 0.121875 0.034375 0.028125
0 0.016406 0.120313 0.023438 0.031250
0 0.453906 0.128125 0.023438 0.028125
0 0.764844 0.059375 0.020313 0.025000
0 0.830469 0.060937 0.029687 0.031250
0 0.646875 0.053125 0.012500 0.018750
0 0.706250 0.055469 0.025000 0.026562
0 0.586719 0.046094 0.017188 0.023438
0 0.527344 0.044531 0.026562 0.023438
0 0.460938 0.041406 0.031250 0.023438
0 0.333594 0.040625 0.023438 0.028125
0 0.218750 0.038281 0.021875 0.026562
0 0.154688 0.035156 0.043750 0.026562
0 0.087500 0.033594 0.021875 0.023438
0 0.396094 0.035937 0.023438 0.031250
0 0.022656 0.025000 0.017188 0.018750