0 0.367188 0.330469 0.037500 0.026562
0 0.310937 0.330469 0.034375 0.035937
0 0.189062 0.322656 0.018750 0.020313
0 0.248438 0.323437 0.028125 0.028125
0 0.131250 0.318750 0.025000 0.025000
0 0.067187 0.315625 0.021875 0.025000
0 0.369531 0.239844 0.032813 0.020313
0 0.253906 0.237500 0.023438 0.025000
0 0.311719 0.239844 0.029687 0.032813
0 0.191406 0.231250 0.023438 0.025000
0 0.132812 0.228906 0.025000 0.023438
0 0.069531 0.222656 0.023438 0.029687
0 0.378125 0.150000 0.015625 0.021875
0 0.318750 0.149219 0.034375 0.029687
0 0.263281 0.146875 0.026562 0.034375
0 0.138281 0.143750 0.042188 0.028125
0 0.086719 0.137500 0.023438 0.021875
0 0.197656 0.146094 0.023438 0.029687
0 0.021875 0.132031 0.028125 0.026562
0 0.264844 0.059375 0.020313 0.025000
0 0.330469 0.060937 0.029687 0.031250
0 0.146875 0.053125 0.012500 0.018750
0 0.206250 0.055469 0.025000 0.026562
0 0.086719 0.046094 0.017188 0.023438
0 0.027344 0.044531 0.026562 0.023438