0 0.692187 0.965625 0.037500 0.031250
0 0.935156 0.967969 0.020313 0.017188
0 0.566406 0.962500 0.026562 0.028125
0 0.754687 0.964844 0.025000 0.029687
0 0.878125 0.963281 0.031250 0.029687
0 0.625000 0.962500 0.031250 0.034375
0 0.318750 0.954688 0.021875 0.021875
0 0.266406 0.952344 0.026562 0.029687
0 0.382031 0.953906 0.026562 0.029687
0 0.207813 0.951562 0.028125 0.037500
0 0.021875 0.940625 0.021875 0.018750
0 0.142969 0.946094 0.035937 0.039062
0 0.079687 0.942187 0.028125 0.034375
0 0.946875 0.886719 0.028125 0.029687
0 0.767969 0.875000 0.023438 0.018750
0 0.882812 0.881250 0.031250 0.034375
0 0.821875 0.878906 0.028125 0.029687
0 0.637500 0.875000 0.025000 0.021875
0 0.703125 0.869531 0.021875 0.017188
0 0.392188 0.864844 0.034375 0.029687
0 0.579688 0.872656 0.031250 0.032813
0 0.210938 0.853125 0.031250 0.031250
0 0.514844 0.870313 0.026562 0.034375
0 0.260156 0.861719 0.023438 0.020313
0 0.030469 0.852344 0.032813 0.032813
0 0.453906 0.859375 0.029687 0.031250
0 0.146094 0.859375 0.032813 0.034375
0 0.082031 0.857812 0.032813 0.034375
0 0.957812 0.792969 0.031250 0.026562
0 0.897656 0.796875 0.029687 0.031250
0 0.774219 0.789844 0.029687 0.032813
0 0.280469 0.778125 0.023438 0.034375
0 0.528906 0.782813 0.029687 0.034375
0 0.225781 0.778906 0.029687 0.035937
0 0.466406 0.776563 0.032813 0.037500
0 0.403906 0.773438 0.035937 0.034375
0 0.148438 0.770312 0.037500 0.034375
0 0.100000 0.767969 0.037500 0.029687
0 0.044531 0.762500 0.023438 0.031250
0 0.900000 0.706250 0.031250 0.028125
0 0.958594 0.704688 0.026562 0.031250
0 0.773438 0.696094 0.018750 0.017188
0 0.825000 0.692187 0.021875 0.021875
0 0.651563 0.696094 0.031250 0.032813
0 0.470313 0.690625 0.028125 0.021875
0 0.586719 0.692187 0.032813 0.028125
0 0.407813 0.689063 0.015625 0.025000
0 0.225781 0.682813 0.023438 0.025000
0 0.529687 0.692969 0.028125 0.035937
0 0.278125 0.688281 0.034375 0.026562
0 0.351562 0.682031 0.028125 0.023438
0 0.160156 0.685156 0.035937 0.035937
0 0.035156 0.678906 0.032813 0.035937
0 0.752344 0.620313 0.023438 0.028125
0 0.810156 0.621875 0.029687 0.028125
0 0.633594 0.610938 0.023438 0.025000
0 0.687500 0.607812 0.025000 0.021875
0 0.577344 0.600000 0.029687 0.028125
0 0.500781 0.598437 0.020313 0.015625
0 0.016406 0.585938 0.020313 0.021875
0 0.376563 0.597656 0.034375 0.035937
0 0.319531 0.595313 0.026562 0.031250
0 0.254688 0.589063 0.028125 0.021875
0 0.134375 0.583594 0.021875 0.014063
0 0.820312 0.526563 0.025000 0.025000
0 0.883594 0.524219 0.020313 0.026562
0 0.764844 0.521094 0.020313 0.020313
0 0.929688 0.517969 0.028125 0.026562
0 0.705469 0.518750 0.029687 0.028125
0 0.384375 0.509375 0.015625 0.015625
0 0.635938 0.514844 0.031250 0.032813
0 0.507812 0.510156 0.031250 0.032813
0 0.571875 0.507031 0.034375 0.032813
0 0.450781 0.500781 0.026562 0.032813
0 0.250000 0.496875 0.031250 0.034375
0 0.139844 0.485938 0.017188 0.012500
0 0.009375 0.492188 0.015625 0.025000
0 0.773438 0.449219 0.025000 0.029687
0 0.713281 0.433594 0.026562 0.026562
0 0.827344 0.446875 0.032813 0.034375
0 0.459375 0.421094 0.021875 0.023438
0 0.591406 0.421875 0.017188 0.015625
0 0.332813 0.421875 0.015625 0.015625
0 0.095312 0.400000 0.028125 0.025000
0 0.032813 0.411719 0.025000 0.029687
0 0.960938 0.356250 0.034375 0.028125
0 0.771875 0.350000 0.040625 0.028125
0 0.892188 0.360938 0.028125 0.031250
0 0.647656 0.343750 0.032813 0.040625
0 0.279687 0.335938 0.021875 0.025000
0 0.528906 0.339062 0.023438 0.025000
0 0.467187 0.332031 0.025000 0.017188
0 0.330469 0.327344 0.023438 0.017188
0 0.404687 0.332813 0.031250 0.034375
0 0.038281 0.325000 0.032813 0.034375
0 0.160938 0.317188 0.025000 0.028125
0 0.096094 0.317188 0.032813 0.037500
0 0.953125 0.266406 0.012500 0.017188
0 0.774219 0.267188 0.026562 0.025000
0 0.837500 0.267969 0.028125 0.029687
0 0.900000 0.262500 0.025000 0.021875
0 0.710156 0.255469 0.032813 0.032813
0 0.653125 0.251563 0.028125 0.031250
0 0.590625 0.252344 0.034375 0.032813
0 0.525000 0.246094 0.031250 0.029687
0 0.465625 0.245312 0.037500 0.034375
0 0.399219 0.241406 0.035937 0.029687
0 0.339062 0.236719 0.028125 0.029687
0 0.271875 0.236719 0.028125 0.029687
0 0.036719 0.228906 0.023438 0.014063
0 0.219531 0.235156 0.026562 0.029687
0 0.100781 0.228906 0.023438 0.026562
0 0.161719 0.227344 0.029687 0.026562
0 0.957031 0.173437 0.010937 0.009375
0 0.839063 0.173437 0.025000 0.018750
0 0.769531 0.166406 0.026562 0.020313
0 0.900781 0.171094 0.029687 0.032813
0 0.710938 0.159375 0.028125 0.034375
0 0.645312 0.158594 0.031250 0.032813
0 0.528125 0.156250 0.028125 0.031250
0 0.401562 0.155469 0.028125 0.029687
0 0.279687 0.145313 0.021875 0.025000
0 0.586719 0.155469 0.032813 0.035937
0 0.462500 0.149219 0.034375 0.026562
0 0.335156 0.145313 0.035937 0.037500
0 0.225781 0.142969 0.029687 0.032813
0 0.042969 0.142187 0.032813 0.034375
0 0.103125 0.135156 0.025000 0.029687
0 0.162500 0.135156 0.037500 0.039062
0 0.842187 0.088281 0.021875 0.010937
0 0.908594 0.085938 0.020313 0.012500
0 0.964844 0.084375 0.017188 0.015625
0 0.787500 0.082812 0.021875 0.018750
0 0.658594 0.072656 0.020313 0.023438
0 0.720313 0.075781 0.025000 0.026562
0 0.542969 0.070312 0.017188 0.015625
0 0.478906 0.069531 0.023438 0.017188
0 0.278125 0.078906 0.034375 0.039062
0 0.601562 0.068750 0.031250 0.031250
0 0.411719 0.067187 0.029687 0.031250
0 0.339844 0.063281 0.039062 0.029687
0 0.227344 0.053906 0.023438 0.017188
0 0.050781 0.049219 0.023438 0.023438
0 0.108594 0.049219 0.026562 0.026562
0 0.174219 0.050000 0.032813 0.031250
0 0.973437 0.008594 0.021875 0.014063
0 0.847656 0.005469 0.020313 0.007812
0 0.640625 0.442969 0.028125 0.026562
0 0.191406 0.489063 0.042188 0.034375
0 0.841406 0.800000 0.045312 0.028125
0 0.710938 0.782031 0.028125 0.020313
0 0.646875 0.792188 0.037500 0.037500
0 0.711719 0.694531 0.032813 0.029687
0 0.870313 0.620313 0.028125 0.025000
0 0.435156 0.953125 0.051562 0.037500
0 0.326562 0.859375 0.034375 0.040625
0 0.348438 0.791406 0.031250 0.023438
0 0.091406 0.680469 0.035937 0.029687
0 0.954688 0.449219 0.043750 0.035937
0 0.150000 0.413281 0.031250 0.029687
0 0.214844 0.415625 0.029687 0.025000
0 0.223438 0.316406 0.028125 0.032813
0 0.396875 0.424219 0.028125 0.026562
0 0.526563 0.427344 0.028125 0.023438
0 0.587500 0.335938 0.031250 0.031250
0 0.839844 0.358594 0.048438 0.035937
0 0.898438 0.446094 0.034375 0.035937
0 0.192969 0.590625 0.032813 0.034375
0 0.505469 0.958594 0.035937 0.032813
0 0.814063 0.963281 0.028125 0.035937
0 0.437500 0.600000 0.053125 0.037500