0 0.560937 0.981250 0.028125 0.031250
0 0.498437 0.973437 0.021875 0.015625
0 0.192188 0.965625 0.037500 0.031250
0 0.435156 0.967969 0.020313 0.017188
0 0.066406 0.962500 0.026562 0.028125
0 0.254688 0.964844 0.025000 0.029687
0 0.378125 0.963281 0.031250 0.029687
0 0.125000 0.962500 0.031250 0.034375
0 0.946094 0.900000 0.026562 0.028125
0 0.508594 0.892188 0.020313 0.015625
0 0.753906 0.895312 0.026562 0.028125
0 0.696094 0.892969 0.029687 0.026562
0 0.879687 0.896094 0.031250 0.035937
0 0.818750 0.893750 0.037500 0.037500
0 0.630469 0.892188 0.032813 0.034375
0 0.566406 0.886719 0.026562 0.029687
0 0.446875 0.886719 0.028125 0.029687
0 0.267969 0.875000 0.023438 0.018750
0 0.382812 0.881250 0.031250 0.034375
0 0.321875 0.878906 0.028125 0.029687
0 0.137500 0.875000 0.025000 0.021875
0 0.203125 0.869531 0.021875 0.017188
0 0.079687 0.872656 0.031250 0.032813
0 0.014844 0.870313 0.026562 0.034375
0 0.945312 0.814844 0.034375 0.039062
0 0.762500 0.814844 0.031250 0.032813
0 0.826562 0.807813 0.028125 0.025000
0 0.695312 0.810937 0.031250 0.031250
0 0.885156 0.811719 0.032813 0.035937
0 0.646094 0.806250 0.026562 0.025000
0 0.457813 0.792969 0.031250 0.026562
0 0.519531 0.800781 0.023438 0.029687
0 0.397656 0.796875 0.029687 0.031250
0 0.274219 0.789844 0.029687 0.032813
0 0.028906 0.782813 0.029687 0.034375
0 0.954688 0.724219 0.028125 0.029687
0 0.828906 0.721094 0.032813 0.029687
0 0.764844 0.724219 0.035937 0.026562
0 0.889062 0.719531 0.028125 0.035937
0 0.648438 0.720313 0.037500 0.037500
0 0.579688 0.714063 0.028125 0.028125
0 0.400000 0.706250 0.031250 0.028125
0 0.458594 0.704688 0.026562 0.031250
0 0.273438 0.696094 0.018750 0.017188
0 0.325000 0.692187 0.021875 0.021875
0 0.151562 0.696094 0.031250 0.032813
0 0.086719 0.692187 0.032813 0.028125
0 0.029687 0.692969 0.028125 0.035937
0 0.932031 0.646875 0.035937 0.034375
0 0.750000 0.639062 0.025000 0.018750
0 0.873437 0.642188 0.031250 0.034375
0 0.811719 0.639844 0.026562 0.029687
0 0.501563 0.624219 0.031250 0.029687
0 0.687500 0.631250 0.037500 0.034375
0 0.252344 0.620313 0.023438 0.028125
0 0.557813 0.626563 0.025000 0.028125
0 0.612500 0.626563 0.031250 0.031250
0 0.310156 0.621875 0.029687 0.028125
0 0.133594 0.610938 0.023438 0.025000
0 0.187500 0.607812 0.025000 0.021875
0 0.077344 0.600000 0.029687 0.028125
0 0.939844 0.550781 0.026562 0.029687
0 0.812500 0.553125 0.025000 0.021875
0 0.878125 0.551562 0.031250 0.034375
0 0.755469 0.545312 0.023438 0.025000
0 0.510938 0.533594 0.021875 0.032813
0 0.320312 0.526563 0.025000 0.025000
0 0.383594 0.524219 0.020313 0.026562
0 0.264844 0.521094 0.020313 0.020313
0 0.429688 0.517969 0.028125 0.026562
0 0.205469 0.518750 0.029687 0.028125
0 0.135937 0.514844 0.031250 0.032813
0 0.071875 0.507031 0.034375 0.032813
0 0.886719 0.461719 0.026562 0.026562
0 0.946875 0.470313 0.025000 0.028125
0 0.696094 0.460156 0.023438 0.029687
0 0.761719 0.463281 0.023438 0.023438
0 0.824219 0.464844 0.026562 0.032813
0 0.273438 0.449219 0.025000 0.029687
0 0.213281 0.433594 0.026562 0.026562
0 0.327344 0.446875 0.032813 0.034375
0 0.091406 0.421875 0.017188 0.015625
0 0.946875 0.375781 0.025000 0.029687
0 0.886719 0.372656 0.029687 0.023438
0 0.704688 0.370312 0.028125 0.028125
0 0.828125 0.373437 0.031250 0.037500
0 0.637500 0.363281 0.025000 0.020313
0 0.460938 0.356250 0.034375 0.028125
0 0.271875 0.350000 0.040625 0.028125
0 0.392188 0.360938 0.028125 0.031250
0 0.147656 0.343750 0.032813 0.040625
0 0.028906 0.339062 0.023438 0.025000
0 0.950000 0.288281 0.028125 0.026562
0 0.829688 0.284375 0.031250 0.034375
0 0.699219 0.272656 0.014063 0.010937
0 0.891406 0.282031 0.035937 0.035937
0 0.765625 0.280469 0.034375 0.032813
0 0.575781 0.267188 0.014063 0.012500
0 0.520312 0.266406 0.015625 0.017188
0 0.453125 0.266406 0.012500 0.017188
0 0.274219 0.267188 0.026562 0.025000
0 0.337500 0.267969 0.028125 0.029687
0 0.400000 0.262500 0.025000 0.021875
0 0.210156 0.255469 0.032813 0.032813
0 0.153125 0.251563 0.028125 0.031250
0 0.090625 0.252344 0.034375 0.032813
0 0.025000 0.246094 0.031250 0.029687
0 0.954688 0.199219 0.031250 0.029687
0 0.889062 0.192969 0.021875 0.017188
0 0.834375 0.193750 0.025000 0.025000
0 0.703125 0.186719 0.025000 0.014063
0 0.767969 0.189844 0.029687 0.026562
0 0.640625 0.181250 0.018750 0.015625
0 0.580469 0.180469 0.026562 0.023438
0 0.457031 0.173437 0.010937 0.009375
0 0.339062 0.173437 0.025000 0.018750
0 0.518750 0.172656 0.025000 0.020313
0 0.269531 0.166406 0.026562 0.020313
0 0.400781 0.171094 0.029687 0.032813
0 0.210938 0.159375 0.028125 0.034375
0 0.145313 0.158594 0.031250 0.032813
0 0.028125 0.156250 0.028125 0.031250
0 0.086719 0.155469 0.032813 0.035937
0 0.907031 0.103125 0.029687 0.028125
0 0.964063 0.111719 0.015625 0.020313
0 0.520312 0.095312 0.025000 0.021875
0 0.843750 0.107813 0.028125 0.031250
0 0.705469 0.098437 0.032813 0.034375
0 0.776563 0.101562 0.031250 0.031250
0 0.342187 0.088281 0.021875 0.010937
0 0.408594 0.085938 0.020313 0.012500
0 0.464844 0.084375 0.017188 0.015625
0 0.287500 0.082812 0.021875 0.018750
0 0.158594 0.072656 0.020313 0.023438
0 0.220312 0.075781 0.025000 0.026562
0 0.042969 0.070312 0.017188 0.015625
0 0.101562 0.068750 0.031250 0.031250
0 0.967969 0.021875 0.020313 0.015625
0 0.774219 0.014844 0.032813 0.026562
0 0.912500 0.018750 0.028125 0.034375
0 0.847656 0.014844 0.026562 0.026562
0 0.713281 0.010156 0.014063 0.017188
0 0.657031 0.008594 0.026562 0.014063
0 0.525781 0.005469 0.020313 0.007812
0 0.473438 0.008594 0.021875 0.014063
0 0.347656 0.005469 0.020313 0.007812
0 0.140625 0.442969 0.028125 0.026562
0 0.646094 0.101562 0.035937 0.034375
0 0.637500 0.273438 0.031250 0.031250
0 0.621094 0.979688 0.039062 0.031250
0 0.584375 0.807031 0.034375 0.026562
0 0.341406 0.800000 0.045312 0.028125
0 0.210938 0.782031 0.028125 0.020313
0 0.146875 0.792188 0.037500 0.037500
0 0.211719 0.694531 0.032813 0.029687
0 0.370312 0.620313 0.028125 0.025000
0 0.454688 0.449219 0.043750 0.035937
0 0.570312 0.454688 0.040625 0.043750
0 0.634375 0.456250 0.050000 0.040625
0 0.026562 0.427344 0.028125 0.023438
0 0.087500 0.335938 0.031250 0.031250
0 0.573438 0.357031 0.050000 0.035937
0 0.510938 0.357031 0.034375 0.035937
0 0.763281 0.375000 0.039062 0.031250
0 0.564063 0.530469 0.031250 0.032813
0 0.625000 0.532813 0.034375 0.031250
0 0.691406 0.542188 0.035937 0.031250
0 0.339844 0.358594 0.048438 0.035937
0 0.398438 0.446094 0.034375 0.035937
0 0.314063 0.963281 0.028125 0.035937