0 0.060937 0.981250 0.028125 0.031250
0 0.684375 0.906250 0.028125 0.031250
0 0.820312 0.910937 0.015625 0.015625
0 0.885938 0.916406 0.025000 0.029687
0 0.760938 0.912500 0.025000 0.021875
0 0.631250 0.911719 0.028125 0.032813
0 0.503125 0.903125 0.025000 0.031250
0 0.569531 0.898438 0.032813 0.025000
0 0.446094 0.900000 0.026562 0.028125
0 0.253906 0.895312 0.026562 0.028125
0 0.196094 0.892969 0.029687 0.026562
0 0.379688 0.896094 0.031250 0.035937
0 0.318750 0.893750 0.037500 0.037500
0 0.130469 0.892188 0.032813 0.034375
0 0.066406 0.886719 0.026562 0.029687
0 0.835156 0.833594 0.023438 0.023438
0 0.947656 0.839063 0.029687 0.037500
0 0.765625 0.826562 0.025000 0.025000
0 0.692969 0.828125 0.023438 0.028125
0 0.639062 0.825781 0.021875 0.026562
0 0.445312 0.814844 0.034375 0.039062
0 0.577344 0.817187 0.039062 0.034375
0 0.262500 0.814844 0.031250 0.032813
0 0.326562 0.807813 0.028125 0.025000
0 0.195312 0.810937 0.031250 0.031250
0 0.518750 0.810156 0.037500 0.032813
0 0.385156 0.811719 0.032813 0.035937
0 0.146094 0.806250 0.026562 0.025000
0 0.019531 0.800781 0.023438 0.029687
0 0.956250 0.746094 0.025000 0.026562
0 0.702344 0.736719 0.020313 0.014063
0 0.832812 0.730469 0.025000 0.026562
0 0.585938 0.727344 0.025000 0.014063
0 0.644531 0.734375 0.032813 0.034375
0 0.519531 0.724219 0.023438 0.017188
0 0.454688 0.724219 0.028125 0.029687
0 0.328906 0.721094 0.032813 0.029687
0 0.264844 0.724219 0.035937 0.026562
0 0.389062 0.719531 0.028125 0.035937
0 0.148438 0.720313 0.037500 0.037500
0 0.079687 0.714063 0.028125 0.028125
0 0.854688 0.664844 0.028125 0.026562
0 0.931250 0.666406 0.028125 0.032813
0 0.801562 0.660937 0.025000 0.025000
0 0.682813 0.655469 0.028125 0.026562
0 0.619531 0.651563 0.029687 0.031250
0 0.432031 0.646875 0.035937 0.034375
0 0.250000 0.639062 0.025000 0.018750
0 0.373437 0.642188 0.031250 0.034375
0 0.311719 0.639844 0.026562 0.029687
0 0.187500 0.631250 0.037500 0.034375
0 0.057813 0.626563 0.025000 0.028125
0 0.112500 0.626563 0.031250 0.031250
0 0.933594 0.572656 0.026562 0.023438
0 0.750781 0.574219 0.023438 0.026562
0 0.804688 0.567969 0.012500 0.017188
0 0.862500 0.571875 0.028125 0.034375
0 0.685156 0.567969 0.026562 0.029687
0 0.559375 0.558594 0.025000 0.032813
0 0.439844 0.550781 0.026562 0.029687
0 0.621875 0.560156 0.028125 0.029687
0 0.496875 0.556250 0.025000 0.021875
0 0.312500 0.553125 0.025000 0.021875
0 0.378125 0.551562 0.031250 0.034375
0 0.255469 0.545312 0.023438 0.025000
0 0.501563 0.474219 0.028125 0.032813
0 0.816406 0.482812 0.029687 0.028125
0 0.570312 0.477344 0.021875 0.017188
0 0.881250 0.482031 0.028125 0.029687
0 0.757031 0.482812 0.032813 0.031250
0 0.636719 0.477344 0.026562 0.020313
0 0.943750 0.484375 0.031250 0.037500
0 0.696094 0.481250 0.029687 0.034375
0 0.386719 0.461719 0.026562 0.026562
0 0.446875 0.470313 0.025000 0.028125
0 0.196094 0.460156 0.023438 0.029687
0 0.261719 0.463281 0.023438 0.023438
0 0.324219 0.464844 0.026562 0.032813
0 0.940625 0.397656 0.025000 0.023438
0 0.882812 0.400000 0.028125 0.028125
0 0.820312 0.396094 0.021875 0.020313
0 0.764062 0.391406 0.021875 0.017188
0 0.571094 0.383594 0.032813 0.035937
0 0.701562 0.389062 0.034375 0.031250
0 0.629687 0.386719 0.028125 0.029687
0 0.504687 0.379688 0.031250 0.031250
0 0.446875 0.375781 0.025000 0.029687
0 0.386719 0.372656 0.029687 0.023438
0 0.204687 0.370312 0.028125 0.028125
0 0.328125 0.373437 0.031250 0.037500
0 0.137500 0.363281 0.025000 0.020313
0 0.893750 0.303906 0.031250 0.029687
0 0.825781 0.306250 0.029687 0.028125
0 0.950781 0.305469 0.029687 0.029687
0 0.762500 0.302344 0.031250 0.026562
0 0.635156 0.294531 0.026562 0.023438
0 0.700781 0.299219 0.039062 0.035937
0 0.567969 0.295312 0.035937 0.031250
0 0.508594 0.289062 0.029687 0.025000
0 0.450000 0.288281 0.028125 0.026562
0 0.329688 0.284375 0.031250 0.034375
0 0.199219 0.272656 0.014063 0.010937
0 0.391406 0.282031 0.035937 0.035937
0 0.265625 0.280469 0.034375 0.032813
0 0.075781 0.267188 0.014063 0.012500
0 0.020313 0.266406 0.015625 0.017188
0 0.893750 0.216406 0.018750 0.017188
0 0.953125 0.211719 0.021875 0.017188
0 0.833594 0.210156 0.023438 0.023438
0 0.767188 0.211719 0.025000 0.026562
0 0.705469 0.210156 0.026562 0.026562
0 0.518750 0.197656 0.015625 0.010937
0 0.640625 0.201563 0.031250 0.031250
0 0.454688 0.199219 0.031250 0.029687
0 0.389062 0.192969 0.021875 0.017188
0 0.334375 0.193750 0.025000 0.025000
0 0.203125 0.186719 0.025000 0.014063
0 0.267969 0.189844 0.029687 0.026562
0 0.140625 0.181250 0.018750 0.015625
0 0.080469 0.180469 0.026562 0.023438
0 0.018750 0.172656 0.025000 0.020313
0 0.833594 0.131250 0.023438 0.015625
0 0.900781 0.129688 0.020313 0.015625
0 0.955469 0.130469 0.020313 0.020313
0 0.706250 0.123438 0.018750 0.015625
0 0.762500 0.126562 0.031250 0.025000
0 0.585156 0.112500 0.032813 0.031250
0 0.635938 0.114062 0.012500 0.012500
0 0.407031 0.103125 0.029687 0.028125
0 0.464062 0.111719 0.015625 0.020313
0 0.519531 0.108594 0.029687 0.029687
0 0.020313 0.095312 0.025000 0.021875
0 0.343750 0.107813 0.028125 0.031250
0 0.205469 0.098437 0.032813 0.034375
0 0.276562 0.101562 0.031250 0.031250
0 0.839844 0.036719 0.029687 0.026562
0 0.957812 0.032031 0.021875 0.020313
0 0.773438 0.035156 0.028125 0.029687
0 0.709375 0.032031 0.028125 0.023438
0 0.649219 0.025781 0.023438 0.017188
0 0.526563 0.026562 0.028125 0.025000
0 0.467969 0.021875 0.020313 0.015625
0 0.274219 0.014844 0.032813 0.026562
0 0.412500 0.018750 0.028125 0.034375
0 0.347656 0.014844 0.026562 0.026562
0 0.213281 0.010156 0.014063 0.017188
0 0.157031 0.008594 0.026562 0.014063
0 0.025781 0.005469 0.020313 0.007812
0 0.146094 0.101562 0.035937 0.034375
0 0.137500 0.273438 0.031250 0.031250
0 0.578125 0.201563 0.043750 0.031250
0 0.492188 0.646094 0.040625 0.035937
0 0.557813 0.643750 0.031250 0.028125
0 0.753906 0.668750 0.048438 0.040625
0 0.912500 0.040625 0.021875 0.021875
0 0.891406 0.737500 0.026562 0.031250
0 0.771094 0.739062 0.026562 0.028125
0 0.896094 0.832031 0.035937 0.029687
0 0.121094 0.979688 0.039062 0.031250
0 0.084375 0.807031 0.034375 0.026562
0 0.070312 0.454688 0.040625 0.043750
0 0.134375 0.456250 0.050000 0.040625
0 0.073438 0.357031 0.050000 0.035937
0 0.263281 0.375000 0.039062 0.031250
0 0.064062 0.530469 0.031250 0.032813
0 0.125000 0.532813 0.034375 0.031250
0 0.191406 0.542188 0.035937 0.031250