0 0.884375 0.939844 0.003125 0.004687
0 0.570312 0.928125 0.034375 0.034375
0 0.184375 0.906250 0.028125 0.031250
0 0.495312 0.917188 0.028125 0.025000
0 0.628125 0.904687 0.025000 0.043750
0 0.320312 0.910937 0.015625 0.015625
0 0.385937 0.916406 0.025000 0.029687
0 0.260937 0.912500 0.025000 0.021875
0 0.131250 0.911719 0.028125 0.032813
0 0.069531 0.898438 0.032813 0.025000
0 0.838281 0.855469 0.023438 0.023438
0 0.782813 0.850000 0.018750 0.015625
0 0.581250 0.851562 0.021875 0.025000
0 0.657813 0.850781 0.025000 0.029687
0 0.516406 0.839063 0.029687 0.034375
0 0.335156 0.833594 0.023438 0.023438
0 0.447656 0.839063 0.029687 0.037500
0 0.265625 0.826562 0.025000 0.025000
0 0.192969 0.828125 0.023438 0.028125
0 0.139063 0.825781 0.021875 0.026562
0 0.077344 0.817187 0.039062 0.034375
0 0.845313 0.764844 0.028125 0.026562
0 0.520312 0.748437 0.021875 0.012500
0 0.456250 0.746094 0.025000 0.026562
0 0.582812 0.747656 0.034375 0.023438
0 0.202344 0.736719 0.020313 0.014063
0 0.332813 0.730469 0.025000 0.026562
0 0.085938 0.727344 0.025000 0.014063
0 0.144531 0.734375 0.032813 0.034375
0 0.019531 0.724219 0.023438 0.017188
0 0.613281 0.665625 0.026562 0.025000
0 0.739062 0.664844 0.025000 0.035937
0 0.676562 0.670312 0.025000 0.018750
0 0.500781 0.664062 0.026562 0.031250
0 0.354687 0.664844 0.028125 0.026562
0 0.431250 0.666406 0.028125 0.032813
0 0.301563 0.660937 0.025000 0.025000
0 0.182812 0.655469 0.028125 0.026562
0 0.557813 0.653125 0.028125 0.031250
0 0.119531 0.651563 0.029687 0.031250
0 0.433594 0.572656 0.026562 0.023438
0 0.670312 0.577344 0.028125 0.026562
0 0.615625 0.575781 0.021875 0.026562
0 0.250781 0.574219 0.023438 0.026562
0 0.304688 0.567969 0.012500 0.017188
0 0.503906 0.575000 0.029687 0.037500
0 0.362500 0.571875 0.028125 0.034375
0 0.185156 0.567969 0.026562 0.029687
0 0.560156 0.570312 0.029687 0.037500
0 0.059375 0.558594 0.025000 0.032813
0 0.121875 0.560156 0.028125 0.029687
0 0.870313 0.494531 0.031250 0.039062
0 0.679688 0.496094 0.021875 0.010937
0 0.618750 0.484375 0.031250 0.031250
0 0.757812 0.490625 0.028125 0.031250
0 0.560156 0.483594 0.026562 0.020313
0 0.316406 0.482812 0.029687 0.028125
0 0.070312 0.477344 0.021875 0.017188
0 0.381250 0.482031 0.028125 0.029687
0 0.257031 0.482812 0.032813 0.031250
0 0.136719 0.477344 0.026562 0.020313
0 0.443750 0.484375 0.031250 0.037500
0 0.196094 0.481250 0.029687 0.034375
0 0.510938 0.472656 0.034375 0.039062
0 0.815625 0.404687 0.018750 0.009375
0 0.689844 0.405469 0.023438 0.017188
0 0.879687 0.407031 0.012500 0.023438
0 0.629687 0.403125 0.018750 0.015625
0 0.757812 0.403125 0.025000 0.021875
0 0.440625 0.397656 0.025000 0.023438
0 0.382812 0.400000 0.028125 0.028125
0 0.320312 0.396094 0.021875 0.020313
0 0.264062 0.391406 0.021875 0.017188
0 0.510156 0.394531 0.029687 0.032813
0 0.071094 0.383594 0.032813 0.035937
0 0.201563 0.389062 0.034375 0.031250
0 0.129688 0.386719 0.028125 0.029687
0 0.878125 0.321875 0.015625 0.021875
0 0.753125 0.313281 0.015625 0.010937
0 0.822656 0.313281 0.020313 0.014063
0 0.639062 0.307812 0.018750 0.012500
0 0.393750 0.303906 0.031250 0.029687
0 0.509375 0.304688 0.021875 0.031250
0 0.577344 0.296875 0.032813 0.034375
0 0.325781 0.306250 0.029687 0.028125
0 0.450781 0.305469 0.029687 0.029687
0 0.262500 0.302344 0.031250 0.026562
0 0.135156 0.294531 0.026562 0.023438
0 0.200781 0.299219 0.039062 0.035937
0 0.067969 0.295312 0.035937 0.031250
0 0.638281 0.217969 0.029687 0.032813
0 0.877344 0.231250 0.017188 0.034375
0 0.818750 0.220312 0.025000 0.018750
0 0.756250 0.220312 0.025000 0.018750
0 0.393750 0.216406 0.018750 0.017188
0 0.453125 0.211719 0.021875 0.017188
0 0.576562 0.210156 0.021875 0.017188
0 0.333594 0.210156 0.023438 0.023438
0 0.267188 0.211719 0.025000 0.026562
0 0.205469 0.210156 0.026562 0.026562
0 0.018750 0.197656 0.015625 0.010937
0 0.140625 0.201563 0.031250 0.031250
0 0.826562 0.139063 0.031250 0.028125
0 0.753125 0.142969 0.021875 0.010937
0 0.510938 0.130469 0.037500 0.039062
0 0.333594 0.131250 0.023438 0.015625
0 0.400781 0.129688 0.020313 0.015625
0 0.455469 0.130469 0.020313 0.020313
0 0.206250 0.123438 0.018750 0.015625
0 0.262500 0.126562 0.031250 0.025000
0 0.085156 0.112500 0.032813 0.031250
0 0.135937 0.114062 0.012500 0.012500
0 0.019531 0.108594 0.029687 0.029687
0 0.703906 0.045312 0.026562 0.025000
0 0.625781 0.042969 0.039062 0.029687
0 0.826562 0.046875 0.021875 0.015625
0 0.758594 0.046094 0.023438 0.017188
0 0.339844 0.036719 0.029687 0.026562
0 0.514844 0.032031 0.023438 0.020313
0 0.457813 0.032031 0.021875 0.020313
0 0.273438 0.035156 0.028125 0.029687
0 0.209375 0.032031 0.028125 0.023438
0 0.149219 0.025781 0.023438 0.017188
0 0.026562 0.026562 0.028125 0.025000
0 0.078125 0.201563 0.043750 0.031250
0 0.057813 0.643750 0.031250 0.028125
0 0.253906 0.668750 0.048438 0.040625
0 0.567187 0.124219 0.031250 0.032813
0 0.634375 0.134375 0.031250 0.025000
0 0.704688 0.142969 0.034375 0.029687
0 0.690625 0.214844 0.021875 0.035937
0 0.511719 0.204687 0.042188 0.025000
0 0.412500 0.040625 0.021875 0.021875
0 0.567969 0.032813 0.039062 0.031250
0 0.807031 0.488281 0.023438 0.026562
0 0.797656 0.573438 0.035937 0.028125
0 0.859375 0.580469 0.025000 0.039062
0 0.739844 0.578125 0.035937 0.025000
0 0.799219 0.665625 0.029687 0.037500
0 0.857031 0.676562 0.029687 0.025000
0 0.656250 0.749219 0.040625 0.032813
0 0.391406 0.737500 0.026562 0.031250
0 0.271094 0.739062 0.026562 0.028125
0 0.564844 0.400000 0.026562 0.031250
0 0.706250 0.764844 0.034375 0.042188
0 0.812500 0.928125 0.046875 0.043750
0 0.396094 0.832031 0.035937 0.029687