0 0.682813 0.984375 0.034375 0.028125
0 0.620313 0.978125 0.028125 0.037500
0 0.561719 0.978125 0.039062 0.025000
0 0.492188 0.978125 0.037500 0.034375
0 0.184375 0.972656 0.028125 0.026562
0 0.131250 0.968750 0.015625 0.018750
0 0.433594 0.971875 0.029687 0.028125
0 0.313281 0.971094 0.035937 0.029687
0 0.252344 0.969531 0.026562 0.029687
0 0.375000 0.966406 0.031250 0.029687
0 0.075781 0.963281 0.023438 0.026562
0 0.800000 0.892188 0.034375 0.037500
0 0.742969 0.893750 0.029687 0.025000
0 0.925000 0.894531 0.028125 0.032813
0 0.625000 0.890625 0.037500 0.028125
0 0.679688 0.885156 0.037500 0.029687
0 0.248438 0.878125 0.028125 0.028125
0 0.484375 0.880469 0.025000 0.026562
0 0.310156 0.880469 0.032813 0.026562
0 0.428125 0.879687 0.025000 0.028125
0 0.139844 0.877344 0.020313 0.023438
0 0.378125 0.876563 0.021875 0.025000
0 0.189062 0.877344 0.031250 0.032813
0 0.021094 0.866406 0.020313 0.020313
0 0.080469 0.867969 0.023438 0.026562
0 0.810937 0.809375 0.031250 0.028125
0 0.871094 0.807813 0.026562 0.031250
0 0.929688 0.805469 0.028125 0.026562
0 0.689844 0.807031 0.023438 0.023438
0 0.628906 0.804688 0.023438 0.025000
0 0.563281 0.801562 0.029687 0.028125
0 0.496094 0.793750 0.032813 0.031250
0 0.434375 0.793750 0.034375 0.034375
0 0.316406 0.788281 0.035937 0.035937
0 0.198437 0.791406 0.028125 0.029687
0 0.260156 0.792188 0.023438 0.025000
0 0.139063 0.789844 0.028125 0.026562
0 0.078906 0.785937 0.023438 0.025000
0 0.021094 0.778906 0.026562 0.026562
0 0.687500 0.715625 0.028125 0.028125
0 0.628906 0.710156 0.029687 0.026562
0 0.503906 0.702344 0.032813 0.032813
0 0.743750 0.707031 0.031250 0.026562
0 0.133594 0.706250 0.029687 0.028125
0 0.196875 0.702344 0.040625 0.029687
0 0.931250 0.707031 0.028125 0.026562
0 0.325781 0.696094 0.029687 0.035937
0 0.388281 0.698438 0.032813 0.028125
0 0.264062 0.697656 0.021875 0.023438
0 0.082812 0.694531 0.021875 0.026562
0 0.022656 0.687500 0.026562 0.025000
0 0.940625 0.634375 0.031250 0.037500
0 0.878125 0.629687 0.034375 0.034375
0 0.757031 0.625781 0.029687 0.032813
0 0.814063 0.633594 0.031250 0.023438
0 0.503906 0.620313 0.032813 0.037500
0 0.639062 0.627344 0.031250 0.029687
0 0.574219 0.617969 0.029687 0.035937
0 0.700781 0.623437 0.026562 0.021875
0 0.218750 0.609375 0.031250 0.034375
0 0.444531 0.611719 0.029687 0.026562
0 0.142969 0.611719 0.032813 0.035937
0 0.396094 0.609375 0.029687 0.034375
0 0.332031 0.610938 0.042188 0.034375
0 0.269531 0.609375 0.032813 0.037500
0 0.029687 0.603906 0.021875 0.023438
0 0.767188 0.540625 0.025000 0.028125
0 0.703906 0.536719 0.035937 0.032813
0 0.945312 0.541406 0.018750 0.026562
0 0.642188 0.532813 0.040625 0.037500
0 0.513281 0.529687 0.029687 0.025000
0 0.874219 0.535937 0.029687 0.028125
0 0.823438 0.536719 0.025000 0.029687
0 0.339062 0.523438 0.031250 0.025000
0 0.446875 0.523438 0.034375 0.034375
0 0.277344 0.528125 0.032813 0.031250
0 0.394531 0.521875 0.035937 0.037500
0 0.223438 0.520312 0.040625 0.031250
0 0.155469 0.517969 0.035937 0.026562
0 0.096094 0.517969 0.020313 0.017188
0 0.030469 0.510938 0.020313 0.018750
0 0.764062 0.460938 0.043750 0.034375
0 0.635938 0.458594 0.031250 0.032813
0 0.941406 0.469531 0.029687 0.026562
0 0.882031 0.463281 0.029687 0.029687
0 0.692187 0.458594 0.037500 0.035937
0 0.574219 0.452344 0.035937 0.032813
0 0.504687 0.449219 0.037500 0.039062
0 0.448437 0.444531 0.034375 0.032813
0 0.381250 0.439063 0.031250 0.025000
0 0.315625 0.438281 0.025000 0.023438
0 0.255469 0.435156 0.020313 0.023438
0 0.193750 0.431250 0.028125 0.034375
0 0.132031 0.428906 0.029687 0.039062
0 0.077344 0.428125 0.023438 0.021875
0 0.014063 0.428125 0.021875 0.021875
0 0.946875 0.382812 0.025000 0.018750
0 0.885938 0.372656 0.034375 0.026562
0 0.704688 0.373437 0.037500 0.037500
0 0.824219 0.371875 0.032813 0.034375
0 0.642188 0.371094 0.034375 0.029687
0 0.762500 0.373437 0.028125 0.025000
0 0.585156 0.360156 0.029687 0.032813
0 0.507812 0.351562 0.034375 0.034375
0 0.446094 0.350781 0.029687 0.035937
0 0.377344 0.343750 0.035937 0.034375
0 0.197656 0.345313 0.029687 0.028125
0 0.321875 0.342187 0.034375 0.028125
0 0.263281 0.342187 0.023438 0.018750
0 0.145313 0.342187 0.034375 0.037500
0 0.082812 0.335938 0.031250 0.028125
0 0.018750 0.332813 0.034375 0.034375
0 0.964063 0.294531 0.034375 0.032813
0 0.893750 0.286719 0.034375 0.035937
0 0.839063 0.282813 0.031250 0.034375
0 0.706250 0.289062 0.021875 0.021875
0 0.649219 0.279687 0.042188 0.043750
0 0.771875 0.276562 0.034375 0.031250
0 0.584375 0.273438 0.034375 0.034375
0 0.518750 0.267188 0.034375 0.037500
0 0.460938 0.267188 0.031250 0.031250
0 0.402344 0.260156 0.026562 0.032813
0 0.272656 0.257812 0.026562 0.031250
0 0.092188 0.250781 0.028125 0.023438
0 0.210156 0.252344 0.032813 0.029687
0 0.335938 0.248438 0.031250 0.031250
0 0.151562 0.252344 0.031250 0.029687
0 0.035937 0.247656 0.037500 0.039062
0 0.962500 0.201563 0.034375 0.028125
0 0.892969 0.197656 0.029687 0.035937
0 0.772656 0.191406 0.035937 0.029687
0 0.712500 0.192969 0.021875 0.023438
0 0.655469 0.189062 0.020313 0.018750
0 0.589063 0.188281 0.025000 0.023438
0 0.525000 0.182812 0.025000 0.021875
0 0.456250 0.182031 0.037500 0.026562
0 0.403906 0.177344 0.026562 0.017188
0 0.339062 0.169531 0.031250 0.035937
0 0.275000 0.164844 0.021875 0.032813
0 0.215625 0.164062 0.034375 0.034375
0 0.154688 0.161719 0.037500 0.032813
0 0.089844 0.160938 0.032813 0.028125
0 0.035937 0.157812 0.028125 0.037500
0 0.963281 0.117969 0.026562 0.020313
0 0.779687 0.100781 0.031250 0.032813
0 0.713281 0.103906 0.023438 0.020313
0 0.652344 0.101562 0.023438 0.015625
0 0.527344 0.093750 0.020313 0.028125
0 0.464062 0.089063 0.025000 0.025000
0 0.407813 0.081250 0.025000 0.021875
0 0.340625 0.084375 0.037500 0.028125
0 0.289844 0.078125 0.032813 0.025000
0 0.097656 0.071875 0.017188 0.015625
0 0.224219 0.076563 0.029687 0.028125
0 0.160938 0.073438 0.031250 0.025000
0 0.035156 0.068750 0.026562 0.025000
0 0.967187 0.019531 0.031250 0.029687
0 0.715625 0.013281 0.028125 0.023438
0 0.592187 0.096875 0.037500 0.031250
0 0.892188 0.108594 0.031250 0.032813
0 0.571875 0.529687 0.053125 0.037500
0 0.867188 0.707031 0.040625 0.029687
0 0.820312 0.461719 0.040625 0.029687
0 0.085938 0.608594 0.031250 0.029687
0 0.564844 0.714063 0.029687 0.034375
0 0.444531 0.703906 0.039062 0.035937
0 0.385156 0.786719 0.032813 0.029687
0 0.813281 0.707812 0.035937 0.037500
0 0.752344 0.812500 0.035937 0.037500