0 0.384375 0.939844 0.003125 0.004687
0 0.070312 0.928125 0.034375 0.034375
0 0.128125 0.904687 0.025000 0.043750
0 0.338281 0.855469 0.023438 0.023438
0 0.282813 0.850000 0.018750 0.015625
0 0.081250 0.851562 0.021875 0.025000
0 0.157812 0.850781 0.025000 0.029687
0 0.016406 0.839063 0.029687 0.034375
0 0.345313 0.764844 0.028125 0.026562
0 0.020313 0.748437 0.021875 0.012500
0 0.082812 0.747656 0.034375 0.023438
0 0.113281 0.665625 0.026562 0.025000
0 0.239063 0.664844 0.025000 0.035937
0 0.176563 0.670312 0.025000 0.018750
0 0.057813 0.653125 0.028125 0.031250
0 0.170313 0.577344 0.028125 0.026562
0 0.115625 0.575781 0.021875 0.026562
0 0.060156 0.570312 0.029687 0.037500
0 0.370312 0.494531 0.031250 0.039062
0 0.179688 0.496094 0.021875 0.010937
0 0.118750 0.484375 0.031250 0.031250
0 0.257812 0.490625 0.028125 0.031250
0 0.060156 0.483594 0.026562 0.020313
0 0.315625 0.404687 0.018750 0.009375
0 0.189844 0.405469 0.023438 0.017188
0 0.379688 0.407031 0.012500 0.023438
0 0.129688 0.403125 0.018750 0.015625
0 0.257812 0.403125 0.025000 0.021875
0 0.378125 0.321875 0.015625 0.021875
0 0.253125 0.313281 0.015625 0.010937
0 0.322656 0.313281 0.020313 0.014063
0 0.139063 0.307812 0.018750 0.012500
0 0.077344 0.296875 0.032813 0.034375
0 0.138281 0.217969 0.029687 0.032813
0 0.377344 0.231250 0.017188 0.034375
0 0.318750 0.220312 0.025000 0.018750
0 0.256250 0.220312 0.025000 0.018750
0 0.076563 0.210156 0.021875 0.017188
0 0.326562 0.139063 0.031250 0.028125
0 0.253125 0.142969 0.021875 0.010937
0 0.203906 0.045312 0.026562 0.025000
0 0.125781 0.042969 0.039062 0.029687
0 0.326562 0.046875 0.021875 0.015625
0 0.258594 0.046094 0.023438 0.017188
0 0.014844 0.032031 0.023438 0.020313
0 0.067187 0.124219 0.031250 0.032813
0 0.134375 0.134375 0.031250 0.025000
0 0.204687 0.142969 0.034375 0.029687
0 0.190625 0.214844 0.021875 0.035937
0 0.067969 0.032813 0.039062 0.031250
0 0.307031 0.488281 0.023438 0.026562
0 0.297656 0.573438 0.035937 0.028125
0 0.359375 0.580469 0.025000 0.039062
0 0.239844 0.578125 0.035937 0.025000
0 0.299219 0.665625 0.029687 0.037500
0 0.357031 0.676562 0.029687 0.025000
0 0.156250 0.749219 0.040625 0.032813
0 0.064844 0.400000 0.026562 0.031250
0 0.206250 0.764844 0.034375 0.042188
0 0.312500 0.928125 0.046875 0.043750