0 0.442188 0.981250 0.031250 0.034375
0 0.385937 0.975000 0.028125 0.034375
0 0.313281 0.971875 0.032813 0.037500
0 0.192969 0.966406 0.026562 0.032813
0 0.122656 0.967187 0.035937 0.034375
0 0.255469 0.965625 0.032813 0.034375
0 0.068750 0.960156 0.037500 0.032813
0 0.013281 0.954688 0.023438 0.034375
0 0.626563 0.903125 0.028125 0.025000
0 0.932031 0.900000 0.029687 0.028125
0 0.877344 0.897656 0.023438 0.026562
0 0.692187 0.896875 0.031250 0.028125
0 0.810937 0.896875 0.034375 0.034375
0 0.754687 0.896875 0.034375 0.040625
0 0.510156 0.891406 0.032813 0.035937
0 0.386719 0.889062 0.029687 0.034375
0 0.443750 0.889062 0.034375 0.037500
0 0.136719 0.880469 0.023438 0.026562
0 0.313281 0.884375 0.039062 0.037500
0 0.253125 0.878906 0.025000 0.029687
0 0.191406 0.877344 0.032813 0.035937
0 0.074219 0.869531 0.039062 0.039062
0 0.013281 0.863281 0.023438 0.032813
0 0.980469 0.826562 0.026562 0.025000
0 0.732812 0.814844 0.028125 0.032813
0 0.919531 0.821094 0.042188 0.035937
0 0.855469 0.822656 0.042188 0.039062
0 0.608594 0.814063 0.035937 0.034375
0 0.792969 0.814063 0.032813 0.037500
0 0.669531 0.814063 0.039062 0.037500
0 0.548438 0.808594 0.037500 0.039062
0 0.121875 0.797656 0.021875 0.017188
0 0.307031 0.805469 0.032813 0.035937
0 0.178906 0.803906 0.026562 0.032813
0 0.060937 0.796094 0.021875 0.017188
0 0.485938 0.804688 0.037500 0.037500
0 0.363281 0.802344 0.035937 0.039062
0 0.420312 0.802344 0.037500 0.042188
0 0.239844 0.803125 0.045312 0.043750
0 0.009375 0.789062 0.015625 0.034375
0 0.917969 0.732812 0.032813 0.031250
0 0.864844 0.726562 0.039062 0.034375
0 0.797656 0.725781 0.035937 0.035937
0 0.747656 0.721875 0.026562 0.031250
0 0.678125 0.721875 0.037500 0.034375
0 0.619531 0.717969 0.029687 0.026562
0 0.555469 0.719531 0.035937 0.039062
0 0.428125 0.718750 0.043750 0.037500
0 0.492188 0.717187 0.040625 0.037500
0 0.371875 0.717187 0.040625 0.037500
0 0.249219 0.713281 0.029687 0.029687
0 0.311719 0.713281 0.045312 0.042188
0 0.187500 0.707031 0.031250 0.029687
0 0.016406 0.706250 0.029687 0.034375
0 0.061719 0.709375 0.045312 0.043750
0 0.121094 0.705469 0.045312 0.042188
0 0.936719 0.649219 0.035937 0.035937
0 0.750000 0.639844 0.021875 0.020313
0 0.810156 0.643750 0.035937 0.034375
0 0.867969 0.642188 0.029687 0.034375
0 0.689844 0.639844 0.035937 0.035937
0 0.567969 0.635156 0.035937 0.029687
0 0.625781 0.635156 0.029687 0.032813
0 0.202344 0.619531 0.020313 0.032813
0 0.321875 0.628125 0.031250 0.031250
0 0.500000 0.628125 0.040625 0.034375
0 0.439844 0.629687 0.039062 0.037500
0 0.382812 0.628906 0.034375 0.035937
0 0.255469 0.628125 0.035937 0.037500
0 0.136719 0.620313 0.035937 0.037500
0 0.070312 0.618750 0.040625 0.037500
0 0.017188 0.617188 0.031250 0.034375
0 0.940625 0.562500 0.031250 0.034375
0 0.690625 0.548438 0.028125 0.028125
0 0.748437 0.550000 0.018750 0.021875
0 0.808594 0.553125 0.032813 0.037500
0 0.882031 0.547656 0.029687 0.029687
0 0.632812 0.549219 0.031250 0.035937
0 0.570312 0.542969 0.034375 0.032813
0 0.510156 0.541406 0.032813 0.035937
0 0.202344 0.536719 0.026562 0.026562
0 0.437500 0.538281 0.043750 0.035937
0 0.389062 0.537500 0.034375 0.034375
0 0.329688 0.539062 0.034375 0.037500
0 0.139844 0.535156 0.035937 0.035937
0 0.081250 0.533594 0.028125 0.032813
0 0.017188 0.532031 0.031250 0.032813
0 0.263281 0.530469 0.035937 0.039062
0 0.692187 0.465625 0.037500 0.031250
0 0.935156 0.467969 0.020313 0.017188
0 0.566406 0.462500 0.026562 0.028125
0 0.754687 0.464844 0.025000 0.029687
0 0.878125 0.463281 0.031250 0.029687
0 0.625000 0.462500 0.031250 0.034375
0 0.318750 0.454688 0.021875 0.021875
0 0.266406 0.452344 0.026562 0.029687
0 0.382031 0.453906 0.026562 0.029687
0 0.207813 0.451562 0.028125 0.037500
0 0.021875 0.440625 0.021875 0.018750
0 0.142969 0.446094 0.035937 0.039062
0 0.079687 0.442188 0.028125 0.034375
0 0.946875 0.386719 0.028125 0.029687
0 0.767969 0.375000 0.023438 0.018750
0 0.882812 0.381250 0.031250 0.034375
0 0.821875 0.378906 0.028125 0.029687
0 0.637500 0.375000 0.025000 0.021875
0 0.703125 0.369531 0.021875 0.017188
0 0.392188 0.364844 0.034375 0.029687
0 0.579688 0.372656 0.031250 0.032813
0 0.210938 0.353125 0.031250 0.031250
0 0.514844 0.370312 0.026562 0.034375
0 0.260156 0.361719 0.023438 0.020313
0 0.030469 0.352344 0.032813 0.032813
0 0.453906 0.359375 0.029687 0.031250
0 0.146094 0.359375 0.032813 0.034375
0 0.082031 0.357812 0.032813 0.034375
0 0.957812 0.292969 0.031250 0.026562
0 0.897656 0.296875 0.029687 0.031250
0 0.774219 0.289844 0.029687 0.032813
0 0.280469 0.278125 0.023438 0.034375
0 0.528906 0.282813 0.029687 0.034375
0 0.225781 0.278906 0.029687 0.035937
0 0.466406 0.276562 0.032813 0.037500
0 0.403906 0.273438 0.035937 0.034375
0 0.148438 0.270313 0.037500 0.034375
0 0.100000 0.267969 0.037500 0.029687
0 0.044531 0.262500 0.023438 0.031250
0 0.900000 0.206250 0.031250 0.028125
0 0.958594 0.204687 0.026562 0.031250
0 0.773438 0.196094 0.018750 0.017188
0 0.825000 0.192188 0.021875 0.021875
0 0.651563 0.196094 0.031250 0.032813
0 0.470313 0.190625 0.028125 0.021875
0 0.586719 0.192188 0.032813 0.028125
0 0.407813 0.189062 0.015625 0.025000
0 0.225781 0.182812 0.023438 0.025000
0 0.529687 0.192969 0.028125 0.035937
0 0.278125 0.188281 0.034375 0.026562
0 0.351562 0.182031 0.028125 0.023438
0 0.160156 0.185156 0.035937 0.035937
0 0.035156 0.178906 0.032813 0.035937
0 0.752344 0.120313 0.023438 0.028125
0 0.810156 0.121875 0.029687 0.028125
0 0.633594 0.110937 0.023438 0.025000
0 0.687500 0.107813 0.025000 0.021875
0 0.577344 0.100000 0.029687 0.028125
0 0.500781 0.098437 0.020313 0.015625
0 0.016406 0.085938 0.020313 0.021875
0 0.376563 0.097656 0.034375 0.035937
0 0.319531 0.095312 0.026562 0.031250
0 0.254688 0.089063 0.028125 0.021875
0 0.134375 0.083594 0.021875 0.014063
0 0.820312 0.026562 0.025000 0.025000
0 0.883594 0.024219 0.020313 0.026562
0 0.764844 0.021094 0.020313 0.020313
0 0.929688 0.017969 0.028125 0.026562
0 0.705469 0.018750 0.029687 0.028125
0 0.384375 0.009375 0.015625 0.015625
0 0.841406 0.300000 0.045312 0.028125
0 0.710938 0.282031 0.028125 0.020313
0 0.646875 0.292187 0.037500 0.037500
0 0.711719 0.194531 0.032813 0.029687
0 0.870313 0.120313 0.028125 0.025000
0 0.435156 0.453125 0.051562 0.037500
0 0.326562 0.359375 0.034375 0.040625
0 0.348438 0.291406 0.031250 0.023438
0 0.091406 0.180469 0.035937 0.029687
0 0.192969 0.090625 0.032813 0.034375
0 0.505469 0.458594 0.035937 0.032813
0 0.814063 0.463281 0.028125 0.035937
0 0.437500 0.100000 0.053125 0.037500