0 0.930469 0.924219 0.029687 0.035937
0 0.761719 0.910156 0.039062 0.035937
0 0.689063 0.912500 0.028125 0.031250
0 0.126562 0.903125 0.028125 0.025000
0 0.636719 0.914062 0.035937 0.037500
0 0.432031 0.900000 0.029687 0.028125
0 0.497656 0.907031 0.035937 0.035937
0 0.566406 0.903906 0.026562 0.035937
0 0.377344 0.897656 0.023438 0.026562
0 0.192188 0.896875 0.031250 0.028125
0 0.310937 0.896875 0.034375 0.034375
0 0.254688 0.896875 0.034375 0.040625
0 0.968750 0.842969 0.043750 0.039062
0 0.904687 0.837500 0.034375 0.031250
0 0.480469 0.826562 0.026562 0.025000
0 0.662500 0.834375 0.034375 0.034375
0 0.605469 0.835156 0.035937 0.035937
0 0.542969 0.832031 0.042188 0.039062
0 0.232813 0.814844 0.028125 0.032813
0 0.419531 0.821094 0.042188 0.035937
0 0.355469 0.822656 0.042188 0.039062
0 0.108594 0.814063 0.035937 0.034375
0 0.292969 0.814063 0.032813 0.037500
0 0.169531 0.814063 0.039062 0.037500
0 0.048438 0.808594 0.037500 0.039062
0 0.916406 0.754687 0.029687 0.037500
0 0.975000 0.753906 0.037500 0.039062
0 0.804688 0.743750 0.037500 0.031250
0 0.673438 0.746875 0.031250 0.037500
0 0.727344 0.743750 0.035937 0.040625
0 0.614062 0.739844 0.034375 0.039062
0 0.546875 0.739844 0.040625 0.042188
0 0.492188 0.735938 0.031250 0.037500
0 0.417969 0.732812 0.032813 0.031250
0 0.364844 0.726562 0.039062 0.034375
0 0.297656 0.725781 0.035937 0.035937
0 0.247656 0.721875 0.026562 0.031250
0 0.178125 0.721875 0.037500 0.034375
0 0.119531 0.717969 0.029687 0.026562
0 0.055469 0.719531 0.035937 0.039062
0 0.925781 0.667188 0.035937 0.037500
0 0.856250 0.663281 0.040625 0.035937
0 0.798438 0.657813 0.031250 0.025000
0 0.618750 0.660156 0.028125 0.029687
0 0.556250 0.655469 0.037500 0.035937
0 0.497656 0.654687 0.032813 0.034375
0 0.678906 0.653125 0.039062 0.034375
0 0.735156 0.655469 0.035937 0.039062
0 0.436719 0.649219 0.035937 0.035937
0 0.250000 0.639844 0.021875 0.020313
0 0.310156 0.643750 0.035937 0.034375
0 0.367969 0.642188 0.029687 0.034375
0 0.189844 0.639844 0.035937 0.035937
0 0.067969 0.635156 0.035937 0.029687
0 0.125781 0.635156 0.029687 0.032813
0 0.920312 0.581250 0.028125 0.034375
0 0.867969 0.578125 0.029687 0.034375
0 0.745313 0.574219 0.025000 0.032813
0 0.805469 0.572656 0.035937 0.032813
0 0.683594 0.571875 0.026562 0.034375
0 0.558594 0.568750 0.026562 0.028125
0 0.624219 0.571094 0.029687 0.035937
0 0.501563 0.567187 0.028125 0.031250
0 0.440625 0.562500 0.031250 0.034375
0 0.190625 0.548438 0.028125 0.028125
0 0.248438 0.550000 0.018750 0.021875
0 0.308594 0.553125 0.032813 0.037500
0 0.382031 0.547656 0.029687 0.029687
0 0.132812 0.549219 0.031250 0.035937
0 0.070312 0.542969 0.034375 0.032813
0 0.930469 0.489063 0.023438 0.021875
0 0.807813 0.492969 0.028125 0.032813
0 0.868750 0.485938 0.028125 0.031250
0 0.677344 0.485938 0.026562 0.031250
0 0.747656 0.485938 0.039062 0.037500
0 0.560937 0.481250 0.028125 0.031250
0 0.498437 0.473438 0.021875 0.015625
0 0.192188 0.465625 0.037500 0.031250
0 0.435156 0.467969 0.020313 0.017188
0 0.066406 0.462500 0.026562 0.028125
0 0.254688 0.464844 0.025000 0.029687
0 0.378125 0.463281 0.031250 0.029687
0 0.125000 0.462500 0.031250 0.034375
0 0.946094 0.400000 0.026562 0.028125
0 0.508594 0.392188 0.020313 0.015625
0 0.753906 0.395313 0.026562 0.028125
0 0.696094 0.392969 0.029687 0.026562
0 0.879687 0.396094 0.031250 0.035937
0 0.818750 0.393750 0.037500 0.037500
0 0.630469 0.392188 0.032813 0.034375
0 0.566406 0.386719 0.026562 0.029687
0 0.446875 0.386719 0.028125 0.029687
0 0.267969 0.375000 0.023438 0.018750
0 0.382812 0.381250 0.031250 0.034375
0 0.321875 0.378906 0.028125 0.029687
0 0.137500 0.375000 0.025000 0.021875
0 0.203125 0.369531 0.021875 0.017188
0 0.079687 0.372656 0.031250 0.032813
0 0.014844 0.370312 0.026562 0.034375
0 0.945312 0.314844 0.034375 0.039062
0 0.762500 0.314844 0.031250 0.032813
0 0.826562 0.307812 0.028125 0.025000
0 0.695312 0.310937 0.031250 0.031250
0 0.885156 0.311719 0.032813 0.035937
0 0.646094 0.306250 0.026562 0.025000
0 0.457813 0.292969 0.031250 0.026562
0 0.519531 0.300781 0.023438 0.029687
0 0.397656 0.296875 0.029687 0.031250
0 0.274219 0.289844 0.029687 0.032813
0 0.028906 0.282813 0.029687 0.034375
0 0.954688 0.224219 0.028125 0.029687
0 0.828906 0.221094 0.032813 0.029687
0 0.764844 0.224219 0.035937 0.026562
0 0.889062 0.219531 0.028125 0.035937
0 0.648438 0.220312 0.037500 0.037500
0 0.579688 0.214062 0.028125 0.028125
0 0.400000 0.206250 0.031250 0.028125
0 0.458594 0.204687 0.026562 0.031250
0 0.273438 0.196094 0.018750 0.017188
0 0.325000 0.192188 0.021875 0.021875
0 0.151562 0.196094 0.031250 0.032813
0 0.086719 0.192188 0.032813 0.028125
0 0.029687 0.192969 0.028125 0.035937
0 0.932031 0.146875 0.035937 0.034375
0 0.750000 0.139063 0.025000 0.018750
0 0.873437 0.142187 0.031250 0.034375
0 0.811719 0.139844 0.026562 0.029687
0 0.501563 0.124219 0.031250 0.029687
0 0.687500 0.131250 0.037500 0.034375
0 0.252344 0.120313 0.023438 0.028125
0 0.557813 0.126562 0.025000 0.028125
0 0.612500 0.126562 0.031250 0.031250
0 0.310156 0.121875 0.029687 0.028125
0 0.133594 0.110937 0.023438 0.025000
0 0.187500 0.107813 0.025000 0.021875
0 0.077344 0.100000 0.029687 0.028125
0 0.939844 0.050781 0.026562 0.029687
0 0.812500 0.053125 0.025000 0.021875
0 0.878125 0.051562 0.031250 0.034375
0 0.755469 0.045312 0.023438 0.025000
0 0.510938 0.033594 0.021875 0.032813
0 0.320312 0.026562 0.025000 0.025000
0 0.383594 0.024219 0.020313 0.026562
0 0.264844 0.021094 0.020313 0.020313
0 0.429688 0.017969 0.028125 0.026562
0 0.205469 0.018750 0.029687 0.028125
0 0.854688 0.749219 0.043750 0.035937
0 0.621094 0.479687 0.039062 0.031250
0 0.584375 0.307031 0.034375 0.026562
0 0.341406 0.300000 0.045312 0.028125
0 0.210938 0.282031 0.028125 0.020313
0 0.146875 0.292187 0.037500 0.037500
0 0.211719 0.194531 0.032813 0.029687
0 0.370312 0.120313 0.028125 0.025000
0 0.564063 0.030469 0.031250 0.032813
0 0.625000 0.032813 0.034375 0.031250
0 0.691406 0.042188 0.035937 0.031250
0 0.314063 0.463281 0.028125 0.035937