0 0.870313 0.943750 0.025000 0.025000
0 0.814063 0.939844 0.028125 0.023438
0 0.934375 0.940625 0.034375 0.028125
0 0.746094 0.936719 0.026562 0.023438
0 0.686719 0.934375 0.035937 0.031250
0 0.613281 0.927344 0.029687 0.023438
0 0.554688 0.928906 0.040625 0.032813
0 0.497656 0.925781 0.029687 0.032813
0 0.430469 0.924219 0.029687 0.035937
0 0.261719 0.910156 0.039062 0.035937
0 0.189062 0.912500 0.028125 0.031250
0 0.136719 0.914062 0.035937 0.037500
0 0.066406 0.903906 0.026562 0.035937
0 0.974219 0.868750 0.032813 0.031250
0 0.912500 0.862500 0.031250 0.025000
0 0.854688 0.861719 0.028125 0.026562
0 0.792969 0.857812 0.029687 0.031250
0 0.666406 0.857812 0.039062 0.031250
0 0.722656 0.857031 0.042188 0.035937
0 0.602344 0.852344 0.039062 0.029687
0 0.529687 0.846875 0.050000 0.037500
0 0.468750 0.842969 0.043750 0.039062
0 0.404687 0.837500 0.034375 0.031250
0 0.162500 0.834375 0.034375 0.034375
0 0.105469 0.835156 0.035937 0.035937
0 0.042969 0.832031 0.042188 0.039062
0 0.980469 0.778125 0.029687 0.025000
0 0.923438 0.774219 0.021875 0.017188
0 0.726562 0.766406 0.015625 0.017188
0 0.793750 0.766406 0.028125 0.029687
0 0.670312 0.767969 0.034375 0.039062
0 0.610156 0.763281 0.032813 0.035937
0 0.543750 0.757812 0.034375 0.037500
0 0.416406 0.754687 0.029687 0.037500
0 0.475000 0.753906 0.037500 0.039062
0 0.304688 0.743750 0.037500 0.031250
0 0.173437 0.746875 0.031250 0.037500
0 0.227344 0.743750 0.035937 0.040625
0 0.114062 0.739844 0.034375 0.039062
0 0.046875 0.739844 0.040625 0.042188
0 0.986719 0.689844 0.023438 0.020313
0 0.935156 0.689844 0.023438 0.023438
0 0.867969 0.686719 0.023438 0.026562
0 0.740625 0.680469 0.028125 0.029687
0 0.679688 0.681250 0.037500 0.037500
0 0.617188 0.677344 0.034375 0.029687
0 0.801562 0.678906 0.037500 0.035937
0 0.551562 0.670312 0.043750 0.043750
0 0.484375 0.667188 0.037500 0.037500
0 0.425781 0.667188 0.035937 0.037500
0 0.356250 0.663281 0.040625 0.035937
0 0.298438 0.657813 0.031250 0.025000
0 0.118750 0.660156 0.028125 0.029687
0 0.056250 0.655469 0.037500 0.035937
0 0.178906 0.653125 0.039062 0.034375
0 0.235156 0.655469 0.035937 0.039062
0 0.931250 0.600000 0.028125 0.025000
0 0.814063 0.594531 0.025000 0.020313
0 0.675781 0.592187 0.035937 0.028125
0 0.745313 0.589063 0.028125 0.031250
0 0.623437 0.586719 0.037500 0.032813
0 0.420312 0.581250 0.028125 0.034375
0 0.367969 0.578125 0.029687 0.034375
0 0.485156 0.576562 0.039062 0.037500
0 0.245312 0.574219 0.025000 0.032813
0 0.548438 0.574219 0.037500 0.035937
0 0.305469 0.572656 0.035937 0.032813
0 0.183594 0.571875 0.026562 0.034375
0 0.058594 0.568750 0.026562 0.028125
0 0.124219 0.571094 0.029687 0.035937
0 0.933594 0.514062 0.020313 0.015625
0 0.877344 0.510156 0.020313 0.017188
0 0.813281 0.505469 0.032813 0.039062
0 0.745313 0.504687 0.015625 0.012500
0 0.685937 0.504687 0.025000 0.025000
0 0.627344 0.505469 0.026562 0.026562
0 0.430469 0.489063 0.023438 0.021875
0 0.307812 0.492969 0.028125 0.032813
0 0.564844 0.492188 0.032813 0.034375
0 0.500000 0.485156 0.028125 0.029687
0 0.368750 0.485938 0.028125 0.031250
0 0.177344 0.485938 0.026562 0.031250
0 0.247656 0.485938 0.039062 0.037500
0 0.060937 0.481250 0.028125 0.031250
0 0.684375 0.406250 0.028125 0.031250
0 0.820312 0.410938 0.015625 0.015625
0 0.885938 0.416406 0.025000 0.029687
0 0.760938 0.412500 0.025000 0.021875
0 0.631250 0.411719 0.028125 0.032813
0 0.503125 0.403125 0.025000 0.031250
0 0.569531 0.398438 0.032813 0.025000
0 0.446094 0.400000 0.026562 0.028125
0 0.253906 0.395313 0.026562 0.028125
0 0.196094 0.392969 0.029687 0.026562
0 0.379688 0.396094 0.031250 0.035937
0 0.318750 0.393750 0.037500 0.037500
0 0.130469 0.392188 0.032813 0.034375
0 0.066406 0.386719 0.026562 0.029687
0 0.835156 0.333594 0.023438 0.023438
0 0.947656 0.339062 0.029687 0.037500
0 0.765625 0.326562 0.025000 0.025000
0 0.692969 0.328125 0.023438 0.028125
0 0.639062 0.325781 0.021875 0.026562
0 0.445312 0.314844 0.034375 0.039062
0 0.577344 0.317188 0.039062 0.034375
0 0.262500 0.314844 0.031250 0.032813
0 0.326562 0.307812 0.028125 0.025000
0 0.195312 0.310937 0.031250 0.031250
0 0.518750 0.310156 0.037500 0.032813
0 0.385156 0.311719 0.032813 0.035937
0 0.146094 0.306250 0.026562 0.025000
0 0.019531 0.300781 0.023438 0.029687
0 0.956250 0.246094 0.025000 0.026562
0 0.702344 0.236719 0.020313 0.014063
0 0.832812 0.230469 0.025000 0.026562
0 0.585938 0.227344 0.025000 0.014063
0 0.644531 0.234375 0.032813 0.034375
0 0.519531 0.224219 0.023438 0.017188
0 0.454688 0.224219 0.028125 0.029687
0 0.328906 0.221094 0.032813 0.029687
0 0.264844 0.224219 0.035937 0.026562
0 0.389062 0.219531 0.028125 0.035937
0 0.148438 0.220312 0.037500 0.037500
0 0.079687 0.214062 0.028125 0.028125
0 0.854688 0.164844 0.028125 0.026562
0 0.931250 0.166406 0.028125 0.032813
0 0.801562 0.160938 0.025000 0.025000
0 0.682813 0.155469 0.028125 0.026562
0 0.619531 0.151562 0.029687 0.031250
0 0.432031 0.146875 0.035937 0.034375
0 0.250000 0.139063 0.025000 0.018750
0 0.373437 0.142187 0.031250 0.034375
0 0.311719 0.139844 0.026562 0.029687
0 0.187500 0.131250 0.037500 0.034375
0 0.057813 0.126562 0.025000 0.028125
0 0.112500 0.126562 0.031250 0.031250
0 0.933594 0.072656 0.026562 0.023438
0 0.750781 0.074219 0.023438 0.026562
0 0.804688 0.067969 0.012500 0.017188
0 0.862500 0.071875 0.028125 0.034375
0 0.685156 0.067969 0.026562 0.029687
0 0.559375 0.058594 0.025000 0.032813
0 0.439844 0.050781 0.026562 0.029687
0 0.621875 0.060156 0.028125 0.029687
0 0.496875 0.056250 0.025000 0.021875
0 0.312500 0.053125 0.025000 0.021875
0 0.378125 0.051562 0.031250 0.034375
0 0.255469 0.045312 0.023438 0.025000
0 0.492188 0.146094 0.040625 0.035937
0 0.557813 0.143750 0.031250 0.028125
0 0.753906 0.168750 0.048438 0.040625
0 0.891406 0.237500 0.026562 0.031250
0 0.771094 0.239063 0.026562 0.028125
0 0.896094 0.332031 0.035937 0.029687
0 0.872656 0.600000 0.029687 0.028125
0 0.354687 0.749219 0.043750 0.035937
0 0.121094 0.479687 0.039062 0.031250
0 0.084375 0.307031 0.034375 0.026562
0 0.064062 0.030469 0.031250 0.032813
0 0.125000 0.032813 0.034375 0.031250
0 0.191406 0.042188 0.035937 0.031250