0 0.813281 0.958594 0.032813 0.035937
0 0.555469 0.942187 0.014063 0.006250
0 0.748437 0.953125 0.037500 0.034375
0 0.685156 0.947656 0.029687 0.029687
0 0.370312 0.943750 0.025000 0.025000
0 0.494531 0.943750 0.029687 0.028125
0 0.314063 0.939844 0.028125 0.023438
0 0.434375 0.940625 0.034375 0.028125
0 0.246094 0.936719 0.026562 0.023438
0 0.186719 0.934375 0.035937 0.031250
0 0.113281 0.927344 0.029687 0.023438
0 0.054688 0.928906 0.040625 0.032813
0 0.721875 0.873437 0.043750 0.050000
0 0.777344 0.880469 0.029687 0.023438
0 0.474219 0.868750 0.032813 0.031250
0 0.412500 0.862500 0.031250 0.025000
0 0.591406 0.865625 0.035937 0.034375
0 0.354687 0.861719 0.028125 0.026562
0 0.532031 0.864062 0.032813 0.034375
0 0.292969 0.857812 0.029687 0.031250
0 0.166406 0.857812 0.039062 0.031250
0 0.222656 0.857031 0.042188 0.035937
0 0.102344 0.852344 0.039062 0.029687
0 0.029687 0.846875 0.050000 0.037500
0 0.857031 0.794531 0.042188 0.039062
0 0.783594 0.787500 0.026562 0.021875
0 0.729688 0.783594 0.025000 0.026562
0 0.480469 0.778125 0.029687 0.025000
0 0.423438 0.774219 0.021875 0.017188
0 0.539844 0.773438 0.026562 0.031250
0 0.226562 0.766406 0.015625 0.017188
0 0.603125 0.762500 0.043750 0.034375
0 0.293750 0.766406 0.028125 0.029687
0 0.170313 0.767969 0.034375 0.039062
0 0.110156 0.763281 0.032813 0.035937
0 0.043750 0.757812 0.034375 0.037500
0 0.799219 0.704688 0.023438 0.025000
0 0.740625 0.703125 0.031250 0.031250
0 0.617188 0.692187 0.028125 0.021875
0 0.486719 0.689844 0.023438 0.020313
0 0.435156 0.689844 0.023438 0.023438
0 0.548438 0.689063 0.031250 0.031250
0 0.367969 0.686719 0.023438 0.026562
0 0.240625 0.680469 0.028125 0.029687
0 0.179688 0.681250 0.037500 0.037500
0 0.117188 0.677344 0.034375 0.029687
0 0.301563 0.678906 0.037500 0.035937
0 0.051562 0.670312 0.043750 0.043750
0 0.873437 0.627344 0.025000 0.026562
0 0.750000 0.614844 0.025000 0.026562
0 0.617969 0.608594 0.020313 0.014063
0 0.431250 0.600000 0.028125 0.025000
0 0.560156 0.604688 0.020313 0.018750
0 0.496094 0.603125 0.023438 0.018750
0 0.314063 0.594531 0.025000 0.020313
0 0.175781 0.592187 0.035937 0.028125
0 0.245312 0.589063 0.028125 0.031250
0 0.123438 0.586719 0.037500 0.032813
0 0.048438 0.574219 0.037500 0.035937
0 0.878125 0.538281 0.015625 0.020313
0 0.818750 0.521875 0.018750 0.012500
0 0.690625 0.524219 0.031250 0.035937
0 0.630469 0.517188 0.020313 0.012500
0 0.492188 0.521094 0.021875 0.023438
0 0.433594 0.514062 0.020313 0.015625
0 0.564844 0.508594 0.010937 0.007812
0 0.377344 0.510156 0.020313 0.017188
0 0.313281 0.505469 0.032813 0.039062
0 0.245312 0.504687 0.015625 0.012500
0 0.185938 0.504687 0.025000 0.025000
0 0.127344 0.505469 0.026562 0.026562
0 0.064844 0.492188 0.032813 0.034375
0 0.884375 0.439844 0.003125 0.004687
0 0.570312 0.428125 0.034375 0.034375
0 0.184375 0.406250 0.028125 0.031250
0 0.495312 0.417187 0.028125 0.025000
0 0.628125 0.404687 0.025000 0.043750
0 0.320312 0.410938 0.015625 0.015625
0 0.385937 0.416406 0.025000 0.029687
0 0.260937 0.412500 0.025000 0.021875
0 0.131250 0.411719 0.028125 0.032813
0 0.069531 0.398438 0.032813 0.025000
0 0.838281 0.355469 0.023438 0.023438
0 0.782813 0.350000 0.018750 0.015625
0 0.581250 0.351562 0.021875 0.025000
0 0.657813 0.350781 0.025000 0.029687
0 0.516406 0.339062 0.029687 0.034375
0 0.335156 0.333594 0.023438 0.023438
0 0.447656 0.339062 0.029687 0.037500
0 0.265625 0.326562 0.025000 0.025000
0 0.192969 0.328125 0.023438 0.028125
0 0.139063 0.325781 0.021875 0.026562
0 0.077344 0.317188 0.039062 0.034375
0 0.845313 0.264844 0.028125 0.026562
0 0.520312 0.248438 0.021875 0.012500
0 0.456250 0.246094 0.025000 0.026562
0 0.582812 0.247656 0.034375 0.023438
0 0.202344 0.236719 0.020313 0.014063
0 0.332813 0.230469 0.025000 0.026562
0 0.085938 0.227344 0.025000 0.014063
0 0.144531 0.234375 0.032813 0.034375
0 0.019531 0.224219 0.023438 0.017188
0 0.613281 0.165625 0.026562 0.025000
0 0.739062 0.164844 0.025000 0.035937
0 0.676562 0.170313 0.025000 0.018750
0 0.500781 0.164062 0.026562 0.031250
0 0.354687 0.164844 0.028125 0.026562
0 0.431250 0.166406 0.028125 0.032813
0 0.301563 0.160938 0.025000 0.025000
0 0.182812 0.155469 0.028125 0.026562
0 0.557813 0.153125 0.028125 0.031250
0 0.119531 0.151562 0.029687 0.031250
0 0.433594 0.072656 0.026562 0.023438
0 0.670312 0.077344 0.028125 0.026562
0 0.615625 0.075781 0.021875 0.026562
0 0.250781 0.074219 0.023438 0.026562
0 0.304688 0.067969 0.012500 0.017188
0 0.503906 0.075000 0.029687 0.037500
0 0.362500 0.071875 0.028125 0.034375
0 0.185156 0.067969 0.026562 0.029687
0 0.560156 0.070312 0.029687 0.037500
0 0.059375 0.058594 0.025000 0.032813
0 0.121875 0.060156 0.028125 0.029687
0 0.057813 0.143750 0.031250 0.028125
0 0.253906 0.168750 0.048438 0.040625
0 0.797656 0.073438 0.035937 0.028125
0 0.859375 0.080469 0.025000 0.039062
0 0.739844 0.078125 0.035937 0.025000
0 0.799219 0.165625 0.029687 0.037500
0 0.857031 0.176563 0.029687 0.025000
0 0.656250 0.249219 0.040625 0.032813
0 0.391406 0.237500 0.026562 0.031250
0 0.271094 0.239063 0.026562 0.028125
0 0.706250 0.264844 0.034375 0.042188
0 0.812500 0.428125 0.046875 0.043750
0 0.745313 0.525000 0.050000 0.031250
0 0.864062 0.714063 0.034375 0.056250
0 0.396094 0.332031 0.035937 0.029687
0 0.372656 0.600000 0.029687 0.028125
0 0.667188 0.868750 0.031250 0.040625
0 0.612500 0.946094 0.040625 0.032813
0 0.804688 0.614844 0.037500 0.032813