0 0.313281 0.958594 0.032813 0.035937
0 0.055469 0.942187 0.014063 0.006250
0 0.248438 0.953125 0.037500 0.034375
0 0.185156 0.947656 0.029687 0.029687
0 0.221875 0.873437 0.043750 0.050000
0 0.277344 0.880469 0.029687 0.023438
0 0.091406 0.865625 0.035937 0.034375
0 0.032031 0.864062 0.032813 0.034375
0 0.357031 0.794531 0.042188 0.039062
0 0.283594 0.787500 0.026562 0.021875
0 0.229687 0.783594 0.025000 0.026562
0 0.039844 0.773438 0.026562 0.031250
0 0.103125 0.762500 0.043750 0.034375
0 0.299219 0.704688 0.023438 0.025000
0 0.240625 0.703125 0.031250 0.031250
0 0.117188 0.692187 0.028125 0.021875
0 0.048438 0.689063 0.031250 0.031250
0 0.373437 0.627344 0.025000 0.026562
0 0.250000 0.614844 0.025000 0.026562
0 0.117969 0.608594 0.020313 0.014063
0 0.060156 0.604688 0.020313 0.018750
0 0.378125 0.538281 0.015625 0.020313
0 0.318750 0.521875 0.018750 0.012500
0 0.190625 0.524219 0.031250 0.035937
0 0.130469 0.517188 0.020313 0.012500
0 0.064844 0.508594 0.010937 0.007812
0 0.384375 0.439844 0.003125 0.004687
0 0.070312 0.428125 0.034375 0.034375
0 0.128125 0.404687 0.025000 0.043750
0 0.338281 0.355469 0.023438 0.023438
0 0.282813 0.350000 0.018750 0.015625
0 0.081250 0.351562 0.021875 0.025000
0 0.157812 0.350781 0.025000 0.029687
0 0.016406 0.339062 0.029687 0.034375
0 0.345313 0.264844 0.028125 0.026562
0 0.020313 0.248438 0.021875 0.012500
0 0.082812 0.247656 0.034375 0.023438
0 0.113281 0.165625 0.026562 0.025000
0 0.239063 0.164844 0.025000 0.035937
0 0.176563 0.170313 0.025000 0.018750
0 0.057813 0.153125 0.028125 0.031250
0 0.170313 0.077344 0.028125 0.026562
0 0.115625 0.075781 0.021875 0.026562
0 0.060156 0.070312 0.029687 0.037500
0 0.297656 0.073438 0.035937 0.028125
0 0.359375 0.080469 0.025000 0.039062
0 0.239844 0.078125 0.035937 0.025000
0 0.299219 0.165625 0.029687 0.037500
0 0.357031 0.176563 0.029687 0.025000
0 0.156250 0.249219 0.040625 0.032813
0 0.206250 0.264844 0.034375 0.042188
0 0.312500 0.428125 0.046875 0.043750
0 0.245312 0.525000 0.050000 0.031250
0 0.364063 0.714063 0.034375 0.056250
0 0.167187 0.868750 0.031250 0.040625
0 0.112500 0.946094 0.040625 0.032813
0 0.304688 0.614844 0.037500 0.032813