0 0.657813 0.933594 0.034375 0.029687
0 0.967187 0.941406 0.031250 0.029687
0 0.849219 0.937500 0.023438 0.025000
0 0.792969 0.935156 0.029687 0.035937
0 0.728125 0.933594 0.040625 0.039062
0 0.541406 0.933594 0.032813 0.039062
0 0.478125 0.927344 0.028125 0.029687
0 0.599219 0.929688 0.039062 0.037500
0 0.106250 0.910156 0.037500 0.039062
0 0.414062 0.922656 0.037500 0.039062
0 0.289062 0.916406 0.025000 0.026562
0 0.341406 0.921094 0.039062 0.039062
0 0.171094 0.914062 0.026562 0.031250
0 0.229687 0.914062 0.031250 0.037500
0 0.038281 0.903125 0.035937 0.031250
0 0.907813 0.850000 0.028125 0.034375
0 0.978906 0.853906 0.039062 0.035937
0 0.861719 0.846875 0.039062 0.037500
0 0.800781 0.845313 0.032813 0.034375
0 0.670312 0.846875 0.037500 0.037500
0 0.735938 0.846094 0.040625 0.045312
0 0.605469 0.842187 0.042188 0.043750
0 0.546094 0.839844 0.042188 0.045312
0 0.165625 0.834375 0.034375 0.040625
0 0.482812 0.837500 0.050000 0.050000
0 0.422656 0.831250 0.039062 0.040625
0 0.356250 0.830469 0.043750 0.039062
0 0.046094 0.820312 0.023438 0.018750
0 0.293750 0.829688 0.040625 0.040625
0 0.234375 0.825781 0.040625 0.039062
0 0.110156 0.821875 0.035937 0.037500
0 0.922656 0.760156 0.029687 0.032813
0 0.861719 0.758594 0.035937 0.039062
0 0.671875 0.755469 0.040625 0.035937
0 0.610156 0.751563 0.029687 0.028125
0 0.738281 0.753125 0.039062 0.034375
0 0.801562 0.752344 0.037500 0.035937
0 0.242188 0.736719 0.028125 0.026562
0 0.549219 0.750000 0.042188 0.040625
0 0.489844 0.749219 0.042188 0.042188
0 0.299219 0.740625 0.042188 0.034375
0 0.110937 0.733594 0.034375 0.026562
0 0.364844 0.739844 0.039062 0.045312
0 0.173437 0.735938 0.043750 0.040625
0 0.053906 0.724219 0.039062 0.039062
0 0.923438 0.669531 0.031250 0.026562
0 0.800781 0.665625 0.035937 0.037500
0 0.675000 0.664062 0.040625 0.034375
0 0.614062 0.659375 0.028125 0.025000
0 0.864844 0.664844 0.039062 0.039062
0 0.738281 0.664062 0.039062 0.040625
0 0.550781 0.660937 0.039062 0.037500
0 0.489844 0.660156 0.039062 0.039062
0 0.427344 0.659375 0.032813 0.037500
0 0.365625 0.654687 0.040625 0.043750
0 0.301563 0.647656 0.040625 0.039062
0 0.238281 0.643750 0.045312 0.034375
0 0.171875 0.640625 0.046875 0.040625
0 0.113281 0.640625 0.042188 0.040625
0 0.052344 0.639062 0.042188 0.037500
0 0.010156 0.628906 0.017188 0.032813
0 0.929688 0.575781 0.031250 0.026562
0 0.867969 0.576562 0.035937 0.034375
0 0.611719 0.569531 0.026562 0.020313
0 0.742969 0.577344 0.035937 0.039062
0 0.678125 0.576562 0.040625 0.037500
0 0.802344 0.573438 0.042188 0.040625
0 0.557031 0.570312 0.029687 0.037500
0 0.496875 0.568750 0.034375 0.037500
0 0.432031 0.567187 0.042188 0.043750
0 0.371094 0.564063 0.039062 0.037500
0 0.303125 0.560937 0.040625 0.037500
0 0.239844 0.558594 0.039062 0.039062
0 0.181250 0.556250 0.031250 0.037500
0 0.121875 0.554688 0.034375 0.034375
0 0.063281 0.547656 0.039062 0.039062
0 0.010937 0.542188 0.018750 0.037500
0 0.635156 0.506250 0.039062 0.043750
0 0.929688 0.496875 0.037500 0.034375
0 0.507031 0.490625 0.023438 0.028125
0 0.798438 0.489063 0.021875 0.021875
0 0.677344 0.482031 0.029687 0.035937
0 0.871875 0.486719 0.031250 0.032813
0 0.747656 0.487500 0.035937 0.037500
0 0.560937 0.483594 0.037500 0.035937
0 0.442188 0.481250 0.031250 0.034375
0 0.385937 0.475000 0.028125 0.034375
0 0.313281 0.471875 0.032813 0.037500
0 0.192969 0.466406 0.026562 0.032813
0 0.122656 0.467187 0.035937 0.034375
0 0.255469 0.465625 0.032813 0.034375
0 0.068750 0.460156 0.037500 0.032813
0 0.013281 0.454688 0.023438 0.034375
0 0.626563 0.403125 0.028125 0.025000
0 0.932031 0.400000 0.029687 0.028125
0 0.877344 0.397656 0.023438 0.026562
0 0.692187 0.396875 0.031250 0.028125
0 0.810937 0.396875 0.034375 0.034375
0 0.754687 0.396875 0.034375 0.040625
0 0.510156 0.391406 0.032813 0.035937
0 0.386719 0.389062 0.029687 0.034375
0 0.443750 0.389062 0.034375 0.037500
0 0.136719 0.380469 0.023438 0.026562
0 0.313281 0.384375 0.039062 0.037500
0 0.253125 0.378906 0.025000 0.029687
0 0.191406 0.377344 0.032813 0.035937
0 0.074219 0.369531 0.039062 0.039062
0 0.013281 0.363281 0.023438 0.032813
0 0.980469 0.326562 0.026562 0.025000
0 0.732812 0.314844 0.028125 0.032813
0 0.919531 0.321094 0.042188 0.035937
0 0.855469 0.322656 0.042188 0.039062
0 0.608594 0.314063 0.035937 0.034375
0 0.792969 0.314063 0.032813 0.037500
0 0.669531 0.314063 0.039062 0.037500
0 0.548438 0.308594 0.037500 0.039062
0 0.121875 0.297656 0.021875 0.017188
0 0.307031 0.305469 0.032813 0.035937
0 0.178906 0.303906 0.026562 0.032813
0 0.060937 0.296094 0.021875 0.017188
0 0.485938 0.304688 0.037500 0.037500
0 0.363281 0.302344 0.035937 0.039062
0 0.420312 0.302344 0.037500 0.042188
0 0.239844 0.303125 0.045312 0.043750
0 0.009375 0.289062 0.015625 0.034375
0 0.917969 0.232813 0.032813 0.031250
0 0.864844 0.226562 0.039062 0.034375
0 0.797656 0.225781 0.035937 0.035937
0 0.747656 0.221875 0.026562 0.031250
0 0.678125 0.221875 0.037500 0.034375
0 0.619531 0.217969 0.029687 0.026562
0 0.555469 0.219531 0.035937 0.039062
0 0.428125 0.218750 0.043750 0.037500
0 0.492188 0.217188 0.040625 0.037500
0 0.371875 0.217188 0.040625 0.037500
0 0.249219 0.213281 0.029687 0.029687
0 0.311719 0.213281 0.045312 0.042188
0 0.187500 0.207031 0.031250 0.029687
0 0.016406 0.206250 0.029687 0.034375
0 0.061719 0.209375 0.045312 0.043750
0 0.121094 0.205469 0.045312 0.042188
0 0.936719 0.149219 0.035937 0.035937
0 0.750000 0.139844 0.021875 0.020313
0 0.810156 0.143750 0.035937 0.034375
0 0.867969 0.142187 0.029687 0.034375
0 0.689844 0.139844 0.035937 0.035937
0 0.567969 0.135156 0.035937 0.029687
0 0.625781 0.135156 0.029687 0.032813
0 0.202344 0.119531 0.020313 0.032813
0 0.321875 0.128125 0.031250 0.031250
0 0.500000 0.128125 0.040625 0.034375
0 0.439844 0.129688 0.039062 0.037500
0 0.382812 0.128906 0.034375 0.035937
0 0.255469 0.128125 0.035937 0.037500
0 0.136719 0.120313 0.035937 0.037500
0 0.070312 0.118750 0.040625 0.037500
0 0.017188 0.117188 0.031250 0.034375
0 0.940625 0.062500 0.031250 0.034375
0 0.690625 0.048438 0.028125 0.028125
0 0.748437 0.050000 0.018750 0.021875
0 0.808594 0.053125 0.032813 0.037500
0 0.882031 0.047656 0.029687 0.029687
0 0.632812 0.049219 0.031250 0.035937
0 0.570312 0.042969 0.034375 0.032813
0 0.510156 0.041406 0.032813 0.035937
0 0.202344 0.036719 0.026562 0.026562
0 0.437500 0.038281 0.043750 0.035937
0 0.389062 0.037500 0.034375 0.034375
0 0.329688 0.039062 0.034375 0.037500
0 0.139844 0.035156 0.035937 0.035937
0 0.081250 0.033594 0.028125 0.032813
0 0.017188 0.032031 0.031250 0.032813
0 0.263281 0.030469 0.035937 0.039062
0 0.410938 0.741406 0.046875 0.039062