0 0.963281 0.960156 0.029687 0.029687
0 0.899219 0.956250 0.039062 0.034375
0 0.595313 0.942969 0.031250 0.039062
0 0.787500 0.946875 0.037500 0.037500
0 0.157812 0.933594 0.034375 0.029687
0 0.724219 0.942187 0.032813 0.031250
0 0.467187 0.941406 0.031250 0.029687
0 0.349219 0.937500 0.023438 0.025000
0 0.660156 0.942187 0.032813 0.037500
0 0.292969 0.935156 0.029687 0.035937
0 0.228125 0.933594 0.040625 0.039062
0 0.041406 0.933594 0.032813 0.039062
0 0.099219 0.929688 0.039062 0.037500
0 0.970313 0.871875 0.034375 0.034375
0 0.914062 0.872656 0.031250 0.035937
0 0.851562 0.863281 0.031250 0.029687
0 0.407813 0.850000 0.028125 0.034375
0 0.605469 0.859375 0.029687 0.031250
0 0.542188 0.859375 0.031250 0.031250
0 0.666406 0.859375 0.029687 0.034375
0 0.721875 0.856250 0.037500 0.037500
0 0.792188 0.855469 0.034375 0.039062
0 0.478906 0.853906 0.039062 0.035937
0 0.361719 0.846875 0.039062 0.037500
0 0.300781 0.845313 0.032813 0.034375
0 0.170313 0.846875 0.037500 0.037500
0 0.235937 0.846094 0.040625 0.045312
0 0.105469 0.842187 0.042188 0.043750
0 0.046094 0.839844 0.042188 0.045312
0 0.977344 0.782813 0.032813 0.037500
0 0.914844 0.779687 0.042188 0.037500
0 0.853125 0.775781 0.037500 0.035937
0 0.794531 0.770312 0.026562 0.025000
0 0.668750 0.774219 0.034375 0.035937
0 0.543750 0.771875 0.037500 0.034375
0 0.603125 0.771875 0.040625 0.037500
0 0.728125 0.767969 0.050000 0.039062
0 0.481250 0.764844 0.043750 0.039062
0 0.422656 0.760156 0.029687 0.032813
0 0.361719 0.758594 0.035937 0.039062
0 0.171875 0.755469 0.040625 0.035937
0 0.110156 0.751563 0.029687 0.028125
0 0.238281 0.753125 0.039062 0.034375
0 0.301563 0.752344 0.037500 0.035937
0 0.049219 0.750000 0.042188 0.040625
0 0.797656 0.704688 0.032813 0.037500
0 0.917188 0.692187 0.031250 0.028125
0 0.857031 0.685156 0.035937 0.039062
0 0.728125 0.678906 0.031250 0.029687
0 0.605469 0.678906 0.032813 0.032813
0 0.671875 0.678906 0.034375 0.039062
0 0.542969 0.676562 0.039062 0.037500
0 0.485938 0.675000 0.034375 0.034375
0 0.423438 0.669531 0.031250 0.026562
0 0.300781 0.665625 0.035937 0.037500
0 0.175000 0.664062 0.040625 0.034375
0 0.114062 0.659375 0.028125 0.025000
0 0.364844 0.664844 0.039062 0.039062
0 0.238281 0.664062 0.039062 0.040625
0 0.050781 0.660937 0.039062 0.037500
0 0.917969 0.602344 0.035937 0.035937
0 0.861719 0.594531 0.035937 0.039062
0 0.792969 0.591406 0.045312 0.039062
0 0.678125 0.589063 0.034375 0.034375
0 0.615625 0.586719 0.034375 0.032813
0 0.553125 0.588281 0.034375 0.035937
0 0.492188 0.583594 0.031250 0.032813
0 0.429688 0.575781 0.031250 0.026562
0 0.367969 0.576562 0.035937 0.034375
0 0.111719 0.569531 0.026562 0.020313
0 0.242969 0.577344 0.035937 0.039062
0 0.178125 0.576562 0.040625 0.037500
0 0.302344 0.573438 0.042188 0.040625
0 0.057031 0.570312 0.029687 0.037500
0 0.931250 0.512500 0.031250 0.031250
0 0.506250 0.494531 0.034375 0.029687
0 0.135156 0.506250 0.039062 0.043750
0 0.556250 0.500000 0.034375 0.028125
0 0.429688 0.496875 0.037500 0.034375
0 0.687500 0.500000 0.028125 0.031250
0 0.298438 0.489063 0.021875 0.021875
0 0.177344 0.482031 0.029687 0.035937
0 0.371875 0.486719 0.031250 0.032813
0 0.247656 0.487500 0.035937 0.037500
0 0.060937 0.483594 0.037500 0.035937
0 0.930469 0.424219 0.029687 0.035937
0 0.761719 0.410156 0.039062 0.035937
0 0.689063 0.412500 0.028125 0.031250
0 0.126562 0.403125 0.028125 0.025000
0 0.636719 0.414062 0.035937 0.037500
0 0.432031 0.400000 0.029687 0.028125
0 0.497656 0.407031 0.035937 0.035937
0 0.566406 0.403906 0.026562 0.035937
0 0.377344 0.397656 0.023438 0.026562
0 0.192188 0.396875 0.031250 0.028125
0 0.310937 0.396875 0.034375 0.034375
0 0.254688 0.396875 0.034375 0.040625
0 0.968750 0.342969 0.043750 0.039062
0 0.904687 0.337500 0.034375 0.031250
0 0.480469 0.326562 0.026562 0.025000
0 0.662500 0.334375 0.034375 0.034375
0 0.605469 0.335156 0.035937 0.035937
0 0.542969 0.332031 0.042188 0.039062
0 0.232813 0.314844 0.028125 0.032813
0 0.419531 0.321094 0.042188 0.035937
0 0.355469 0.322656 0.042188 0.039062
0 0.108594 0.314063 0.035937 0.034375
0 0.292969 0.314063 0.032813 0.037500
0 0.169531 0.314063 0.039062 0.037500
0 0.048438 0.308594 0.037500 0.039062
0 0.916406 0.254688 0.029687 0.037500
0 0.975000 0.253906 0.037500 0.039062
0 0.804688 0.243750 0.037500 0.031250
0 0.673438 0.246875 0.031250 0.037500
0 0.727344 0.243750 0.035937 0.040625
0 0.614062 0.239844 0.034375 0.039062
0 0.546875 0.239844 0.040625 0.042188
0 0.492188 0.235937 0.031250 0.037500
0 0.417969 0.232813 0.032813 0.031250
0 0.364844 0.226562 0.039062 0.034375
0 0.297656 0.225781 0.035937 0.035937
0 0.247656 0.221875 0.026562 0.031250
0 0.178125 0.221875 0.037500 0.034375
0 0.119531 0.217969 0.029687 0.026562
0 0.055469 0.219531 0.035937 0.039062
0 0.925781 0.167187 0.035937 0.037500
0 0.856250 0.163281 0.040625 0.035937
0 0.798438 0.157812 0.031250 0.025000
0 0.618750 0.160156 0.028125 0.029687
0 0.556250 0.155469 0.037500 0.035937
0 0.497656 0.154688 0.032813 0.034375
0 0.678906 0.153125 0.039062 0.034375
0 0.735156 0.155469 0.035937 0.039062
0 0.436719 0.149219 0.035937 0.035937
0 0.250000 0.139844 0.021875 0.020313
0 0.310156 0.143750 0.035937 0.034375
0 0.367969 0.142187 0.029687 0.034375
0 0.189844 0.139844 0.035937 0.035937
0 0.067969 0.135156 0.035937 0.029687
0 0.125781 0.135156 0.029687 0.032813
0 0.920312 0.081250 0.028125 0.034375
0 0.867969 0.078125 0.029687 0.034375
0 0.745313 0.074219 0.025000 0.032813
0 0.805469 0.072656 0.035937 0.032813
0 0.683594 0.071875 0.026562 0.034375
0 0.558594 0.068750 0.026562 0.028125
0 0.624219 0.071094 0.029687 0.035937
0 0.501563 0.067187 0.028125 0.031250
0 0.440625 0.062500 0.031250 0.034375
0 0.190625 0.048438 0.028125 0.028125
0 0.248438 0.050000 0.018750 0.021875
0 0.308594 0.053125 0.032813 0.037500
0 0.382031 0.047656 0.029687 0.029687
0 0.132812 0.049219 0.031250 0.035937
0 0.070312 0.042969 0.034375 0.032813
0 0.854688 0.249219 0.043750 0.035937