0 0.961719 0.975000 0.020313 0.015625
0 0.902344 0.978906 0.029687 0.029687
0 0.832031 0.975000 0.035937 0.028125
0 0.589063 0.967187 0.021875 0.021875
0 0.657813 0.966406 0.021875 0.023438
0 0.776563 0.970313 0.034375 0.034375
0 0.714063 0.964844 0.025000 0.023438
0 0.463281 0.960156 0.029687 0.029687
0 0.528906 0.958594 0.032813 0.035937
0 0.399219 0.956250 0.039062 0.034375
0 0.095312 0.942969 0.031250 0.039062
0 0.287500 0.946875 0.037500 0.037500
0 0.224219 0.942187 0.032813 0.031250
0 0.160156 0.942187 0.032813 0.037500
0 0.977344 0.898438 0.020313 0.021875
0 0.913281 0.896094 0.032813 0.029687
0 0.850781 0.892188 0.039062 0.037500
0 0.724219 0.882812 0.039062 0.031250
0 0.787500 0.885938 0.040625 0.040625
0 0.664844 0.882031 0.032813 0.035937
0 0.602344 0.878906 0.032813 0.035937
0 0.470313 0.871875 0.034375 0.034375
0 0.414062 0.872656 0.031250 0.035937
0 0.543750 0.869531 0.034375 0.032813
0 0.351562 0.863281 0.031250 0.029687
0 0.105469 0.859375 0.029687 0.031250
0 0.042188 0.859375 0.031250 0.031250
0 0.166406 0.859375 0.029687 0.034375
0 0.221875 0.856250 0.037500 0.037500
0 0.292187 0.855469 0.034375 0.039062
0 0.921875 0.800000 0.028125 0.028125
0 0.987500 0.795312 0.021875 0.021875
0 0.727344 0.793750 0.023438 0.018750
0 0.854688 0.792969 0.034375 0.035937
0 0.664062 0.792969 0.031250 0.035937
0 0.785937 0.789844 0.037500 0.035937
0 0.607812 0.789844 0.031250 0.035937
0 0.477344 0.782813 0.032813 0.037500
0 0.534375 0.781250 0.040625 0.037500
0 0.414844 0.779687 0.042188 0.037500
0 0.353125 0.775781 0.037500 0.035937
0 0.294531 0.770312 0.026562 0.025000
0 0.168750 0.774219 0.034375 0.035937
0 0.043750 0.771875 0.037500 0.034375
0 0.103125 0.771875 0.040625 0.037500
0 0.228125 0.767969 0.050000 0.039062
0 0.859375 0.711719 0.025000 0.020313
0 0.921094 0.711719 0.026562 0.026562
0 0.982812 0.712500 0.028125 0.031250
0 0.796094 0.696094 0.029687 0.032813
0 0.731250 0.704688 0.028125 0.028125
0 0.669531 0.703906 0.032813 0.032813
0 0.297656 0.704688 0.032813 0.037500
0 0.608594 0.699219 0.032813 0.035937
0 0.545312 0.692969 0.031250 0.029687
0 0.482812 0.693750 0.034375 0.031250
0 0.417187 0.692187 0.031250 0.028125
0 0.357031 0.685156 0.035937 0.039062
0 0.228125 0.678906 0.031250 0.029687
0 0.105469 0.678906 0.032813 0.032813
0 0.171875 0.678906 0.034375 0.039062
0 0.042969 0.676562 0.039062 0.037500
0 0.922656 0.620313 0.026562 0.025000
0 0.860938 0.619531 0.034375 0.032813
0 0.797656 0.615625 0.035937 0.034375
0 0.740625 0.614844 0.028125 0.032813
0 0.614062 0.610156 0.028125 0.029687
0 0.678906 0.609375 0.032813 0.031250
0 0.487500 0.603906 0.031250 0.032813
0 0.549219 0.603125 0.035937 0.034375
0 0.417969 0.602344 0.035937 0.035937
0 0.361719 0.594531 0.035937 0.039062
0 0.292969 0.591406 0.045312 0.039062
0 0.178125 0.589063 0.034375 0.034375
0 0.115625 0.586719 0.034375 0.032813
0 0.053125 0.588281 0.034375 0.035937
0 0.871094 0.539844 0.026562 0.023438
0 0.682813 0.532031 0.028125 0.035937
0 0.810937 0.532031 0.028125 0.029687
0 0.933594 0.533594 0.029687 0.035937
0 0.620313 0.521875 0.025000 0.015625
0 0.551562 0.523438 0.028125 0.028125
0 0.492969 0.514844 0.023438 0.026562
0 0.431250 0.512500 0.031250 0.031250
0 0.056250 0.500000 0.034375 0.028125
0 0.187500 0.500000 0.028125 0.031250
0 0.870313 0.443750 0.025000 0.025000
0 0.814063 0.439844 0.028125 0.023438
0 0.934375 0.440625 0.034375 0.028125
0 0.746094 0.436719 0.026562 0.023438
0 0.686719 0.434375 0.035937 0.031250
0 0.613281 0.427344 0.029687 0.023438
0 0.554688 0.428906 0.040625 0.032813
0 0.497656 0.425781 0.029687 0.032813
0 0.430469 0.424219 0.029687 0.035937
0 0.261719 0.410156 0.039062 0.035937
0 0.189062 0.412500 0.028125 0.031250
0 0.136719 0.414062 0.035937 0.037500
0 0.066406 0.403906 0.026562 0.035937
0 0.974219 0.368750 0.032813 0.031250
0 0.912500 0.362500 0.031250 0.025000
0 0.854688 0.361719 0.028125 0.026562
0 0.792969 0.357812 0.029687 0.031250
0 0.666406 0.357812 0.039062 0.031250
0 0.722656 0.357031 0.042188 0.035937
0 0.602344 0.352344 0.039062 0.029687
0 0.529687 0.346875 0.050000 0.037500
0 0.468750 0.342969 0.043750 0.039062
0 0.404687 0.337500 0.034375 0.031250
0 0.162500 0.334375 0.034375 0.034375
0 0.105469 0.335156 0.035937 0.035937
0 0.042969 0.332031 0.042188 0.039062
0 0.980469 0.278125 0.029687 0.025000
0 0.923438 0.274219 0.021875 0.017188
0 0.726562 0.266406 0.015625 0.017188
0 0.793750 0.266406 0.028125 0.029687
0 0.670312 0.267969 0.034375 0.039062
0 0.610156 0.263281 0.032813 0.035937
0 0.543750 0.257812 0.034375 0.037500
0 0.416406 0.254688 0.029687 0.037500
0 0.475000 0.253906 0.037500 0.039062
0 0.304688 0.243750 0.037500 0.031250
0 0.173437 0.246875 0.031250 0.037500
0 0.227344 0.243750 0.035937 0.040625
0 0.114062 0.239844 0.034375 0.039062
0 0.046875 0.239844 0.040625 0.042188
0 0.986719 0.189844 0.023438 0.020313
0 0.935156 0.189844 0.023438 0.023438
0 0.867969 0.186719 0.023438 0.026562
0 0.740625 0.180469 0.028125 0.029687
0 0.679688 0.181250 0.037500 0.037500
0 0.617188 0.177344 0.034375 0.029687
0 0.801562 0.178906 0.037500 0.035937
0 0.551562 0.170313 0.043750 0.043750
0 0.484375 0.167187 0.037500 0.037500
0 0.425781 0.167187 0.035937 0.037500
0 0.356250 0.163281 0.040625 0.035937
0 0.298438 0.157812 0.031250 0.025000
0 0.118750 0.160156 0.028125 0.029687
0 0.056250 0.155469 0.037500 0.035937
0 0.178906 0.153125 0.039062 0.034375
0 0.235156 0.155469 0.035937 0.039062
0 0.931250 0.100000 0.028125 0.025000
0 0.814063 0.094531 0.025000 0.020313
0 0.675781 0.092188 0.035937 0.028125
0 0.745313 0.089063 0.028125 0.031250
0 0.623437 0.086719 0.037500 0.032813
0 0.420312 0.081250 0.028125 0.034375
0 0.367969 0.078125 0.029687 0.034375
0 0.485156 0.076563 0.039062 0.037500
0 0.245312 0.074219 0.025000 0.032813
0 0.548438 0.074219 0.037500 0.035937
0 0.305469 0.072656 0.035937 0.032813
0 0.183594 0.071875 0.026562 0.034375
0 0.058594 0.068750 0.026562 0.028125
0 0.124219 0.071094 0.029687 0.035937
0 0.933594 0.014063 0.020313 0.015625
0 0.877344 0.010156 0.020313 0.017188
0 0.872656 0.100000 0.029687 0.028125
0 0.354687 0.249219 0.043750 0.035937
0 0.737500 0.535937 0.037500 0.040625