0 0.850000 0.985156 0.018750 0.017188
0 0.719531 0.986719 0.020313 0.020313
0 0.657813 0.982812 0.025000 0.021875
0 0.587500 0.974219 0.015625 0.014063
0 0.461719 0.975000 0.020313 0.015625
0 0.528906 0.969531 0.010937 0.010937
0 0.402344 0.978906 0.029687 0.029687
0 0.332031 0.975000 0.035937 0.028125
0 0.089063 0.967187 0.021875 0.021875
0 0.157812 0.966406 0.021875 0.023438
0 0.276562 0.970313 0.034375 0.034375
0 0.214062 0.964844 0.025000 0.023438
0 0.028906 0.958594 0.032813 0.035937
0 0.858594 0.903906 0.017188 0.010937
0 0.729688 0.907031 0.025000 0.023438
0 0.792188 0.904687 0.021875 0.021875
0 0.477344 0.898438 0.020313 0.021875
0 0.413281 0.896094 0.032813 0.029687
0 0.544531 0.895312 0.023438 0.031250
0 0.668750 0.896875 0.031250 0.037500
0 0.603906 0.892969 0.035937 0.029687
0 0.350781 0.892188 0.039062 0.037500
0 0.224219 0.882812 0.039062 0.031250
0 0.287500 0.885938 0.040625 0.040625
0 0.164844 0.882031 0.032813 0.035937
0 0.102344 0.878906 0.032813 0.035937
0 0.043750 0.869531 0.034375 0.032813
0 0.858594 0.810937 0.017188 0.012500
0 0.603906 0.800781 0.029687 0.017188
0 0.667188 0.803906 0.028125 0.026562
0 0.735156 0.805469 0.035937 0.035937
0 0.421875 0.800000 0.028125 0.028125
0 0.545312 0.800000 0.031250 0.031250
0 0.487500 0.795312 0.021875 0.021875
0 0.227344 0.793750 0.023438 0.018750
0 0.354687 0.792969 0.034375 0.035937
0 0.164062 0.792969 0.031250 0.035937
0 0.285938 0.789844 0.037500 0.035937
0 0.107813 0.789844 0.031250 0.035937
0 0.034375 0.781250 0.040625 0.037500
0 0.800781 0.726562 0.023438 0.025000
0 0.737500 0.719531 0.037500 0.032813
0 0.359375 0.711719 0.025000 0.020313
0 0.421094 0.711719 0.026562 0.026562
0 0.673438 0.712500 0.031250 0.031250
0 0.482812 0.712500 0.028125 0.031250
0 0.603906 0.707812 0.023438 0.025000
0 0.544531 0.708594 0.029687 0.029687
0 0.296094 0.696094 0.029687 0.032813
0 0.231250 0.704688 0.028125 0.028125
0 0.169531 0.703906 0.032813 0.032813
0 0.108594 0.699219 0.032813 0.035937
0 0.045312 0.692969 0.031250 0.029687
0 0.862500 0.632812 0.031250 0.031250
0 0.804688 0.629687 0.025000 0.021875
0 0.740625 0.628906 0.031250 0.026562
0 0.675000 0.626563 0.037500 0.031250
0 0.422656 0.620313 0.026562 0.025000
0 0.610156 0.621875 0.035937 0.031250
0 0.486719 0.621094 0.029687 0.029687
0 0.546875 0.621875 0.034375 0.034375
0 0.360938 0.619531 0.034375 0.032813
0 0.297656 0.615625 0.035937 0.034375
0 0.240625 0.614844 0.028125 0.032813
0 0.114062 0.610156 0.028125 0.029687
0 0.178906 0.609375 0.032813 0.031250
0 0.049219 0.603125 0.035937 0.034375
0 0.806250 0.555469 0.040625 0.042188
0 0.756250 0.548438 0.025000 0.021875
0 0.371094 0.539844 0.026562 0.023438
0 0.182812 0.532031 0.028125 0.035937
0 0.682031 0.539062 0.032813 0.034375
0 0.612500 0.534375 0.031250 0.025000
0 0.490625 0.535937 0.034375 0.034375
0 0.310937 0.532031 0.028125 0.029687
0 0.433594 0.533594 0.029687 0.035937
0 0.120313 0.521875 0.025000 0.015625
0 0.558594 0.528125 0.026562 0.031250
0 0.051562 0.523438 0.028125 0.028125
0 0.813281 0.458594 0.032813 0.035937
0 0.555469 0.442188 0.014063 0.006250
0 0.748437 0.453125 0.037500 0.034375
0 0.685156 0.447656 0.029687 0.029687
0 0.370312 0.443750 0.025000 0.025000
0 0.494531 0.443750 0.029687 0.028125
0 0.314063 0.439844 0.028125 0.023438
0 0.434375 0.440625 0.034375 0.028125
0 0.246094 0.436719 0.026562 0.023438
0 0.186719 0.434375 0.035937 0.031250
0 0.113281 0.427344 0.029687 0.023438
0 0.054688 0.428906 0.040625 0.032813
0 0.721875 0.373437 0.043750 0.050000
0 0.777344 0.380469 0.029687 0.023438
0 0.474219 0.368750 0.032813 0.031250
0 0.412500 0.362500 0.031250 0.025000
0 0.591406 0.365625 0.035937 0.034375
0 0.354687 0.361719 0.028125 0.026562
0 0.532031 0.364063 0.032813 0.034375
0 0.292969 0.357812 0.029687 0.031250
0 0.166406 0.357812 0.039062 0.031250
0 0.222656 0.357031 0.042188 0.035937
0 0.102344 0.352344 0.039062 0.029687
0 0.029687 0.346875 0.050000 0.037500
0 0.857031 0.294531 0.042188 0.039062
0 0.783594 0.287500 0.026562 0.021875
0 0.729688 0.283594 0.025000 0.026562
0 0.480469 0.278125 0.029687 0.025000
0 0.423438 0.274219 0.021875 0.017188
0 0.539844 0.273438 0.026562 0.031250
0 0.226562 0.266406 0.015625 0.017188
0 0.603125 0.262500 0.043750 0.034375
0 0.293750 0.266406 0.028125 0.029687
0 0.170313 0.267969 0.034375 0.039062
0 0.110156 0.263281 0.032813 0.035937
0 0.043750 0.257812 0.034375 0.037500
0 0.799219 0.204687 0.023438 0.025000
0 0.740625 0.203125 0.031250 0.031250
0 0.617188 0.192188 0.028125 0.021875
0 0.486719 0.189844 0.023438 0.020313
0 0.435156 0.189844 0.023438 0.023438
0 0.548438 0.189062 0.031250 0.031250
0 0.367969 0.186719 0.023438 0.026562
0 0.240625 0.180469 0.028125 0.029687
0 0.179688 0.181250 0.037500 0.037500
0 0.117188 0.177344 0.034375 0.029687
0 0.301563 0.178906 0.037500 0.035937
0 0.051562 0.170313 0.043750 0.043750
0 0.873437 0.127344 0.025000 0.026562
0 0.750000 0.114844 0.025000 0.026562
0 0.617969 0.108594 0.020313 0.014063
0 0.431250 0.100000 0.028125 0.025000
0 0.560156 0.104688 0.020313 0.018750
0 0.496094 0.103125 0.023438 0.018750
0 0.314063 0.094531 0.025000 0.020313
0 0.175781 0.092188 0.035937 0.028125
0 0.245312 0.089063 0.028125 0.031250
0 0.123438 0.086719 0.037500 0.032813
0 0.048438 0.074219 0.037500 0.035937
0 0.878125 0.038281 0.015625 0.020313
0 0.818750 0.021875 0.018750 0.012500
0 0.690625 0.024219 0.031250 0.035937
0 0.630469 0.017188 0.020313 0.012500
0 0.492188 0.021094 0.021875 0.023438
0 0.433594 0.014063 0.020313 0.015625
0 0.564844 0.008594 0.010937 0.007812
0 0.377344 0.010156 0.020313 0.017188
0 0.745313 0.025000 0.050000 0.031250
0 0.864062 0.214062 0.034375 0.056250
0 0.372656 0.100000 0.029687 0.028125
0 0.237500 0.535937 0.037500 0.040625
0 0.667188 0.368750 0.031250 0.040625
0 0.612500 0.446094 0.040625 0.032813
0 0.855469 0.729688 0.026562 0.031250
0 0.804688 0.114844 0.037500 0.032813
0 0.863281 0.555469 0.035937 0.039062