0 0.182812 0.984375 0.034375 0.028125
0 0.120313 0.978125 0.028125 0.037500
0 0.061719 0.978125 0.039062 0.025000
0 0.742188 0.907031 0.028125 0.026562
0 0.861719 0.903125 0.029687 0.031250
0 0.550781 0.900781 0.026562 0.035937
0 0.799219 0.901563 0.029687 0.025000
0 0.611719 0.903906 0.023438 0.026562
0 0.300000 0.892188 0.034375 0.037500
0 0.242969 0.893750 0.029687 0.025000
0 0.489063 0.898438 0.025000 0.021875
0 0.669531 0.899219 0.035937 0.029687
0 0.425000 0.894531 0.028125 0.032813
0 0.125000 0.890625 0.037500 0.028125
0 0.179688 0.885156 0.037500 0.029687
0 0.742188 0.821094 0.025000 0.023438
0 0.310937 0.809375 0.031250 0.028125
0 0.801562 0.821094 0.025000 0.026562
0 0.678906 0.819531 0.020313 0.023438
0 0.857812 0.819531 0.021875 0.026562
0 0.553125 0.815625 0.021875 0.025000
0 0.617969 0.814844 0.020313 0.026562
0 0.371094 0.807813 0.026562 0.031250
0 0.429688 0.805469 0.028125 0.026562
0 0.189844 0.807031 0.023438 0.023438
0 0.128906 0.804688 0.023438 0.025000
0 0.063281 0.801562 0.029687 0.028125
0 0.728906 0.722656 0.042188 0.035937
0 0.855469 0.724219 0.026562 0.026562
0 0.678906 0.721094 0.020313 0.020313
0 0.617188 0.720313 0.025000 0.021875
0 0.187500 0.715625 0.028125 0.028125
0 0.128906 0.710156 0.029687 0.026562
0 0.796094 0.721094 0.026562 0.029687
0 0.552344 0.718750 0.029687 0.031250
0 0.243750 0.707031 0.031250 0.026562
0 0.491406 0.714844 0.023438 0.029687
0 0.431250 0.707031 0.028125 0.026562
0 0.440625 0.634375 0.031250 0.037500
0 0.621875 0.640625 0.028125 0.025000
0 0.564844 0.636719 0.023438 0.020313
0 0.378125 0.629687 0.034375 0.034375
0 0.685156 0.637500 0.023438 0.025000
0 0.742969 0.635156 0.023438 0.023438
0 0.496875 0.635938 0.021875 0.025000
0 0.257031 0.625781 0.029687 0.032813
0 0.800000 0.637500 0.037500 0.031250
0 0.314063 0.633594 0.031250 0.023438
0 0.139063 0.627344 0.031250 0.029687
0 0.074219 0.617969 0.029687 0.035937
0 0.200781 0.623437 0.026562 0.021875
0 0.877344 0.555469 0.017188 0.023438
0 0.813281 0.552344 0.023438 0.023438
0 0.623437 0.550781 0.021875 0.020313
0 0.749219 0.552344 0.026562 0.026562
0 0.267188 0.540625 0.025000 0.028125
0 0.683594 0.550000 0.029687 0.028125
0 0.203906 0.536719 0.035937 0.032813
0 0.560156 0.544531 0.026562 0.026562
0 0.445312 0.541406 0.018750 0.026562
0 0.142187 0.532813 0.040625 0.037500
0 0.374219 0.535937 0.029687 0.028125
0 0.323437 0.536719 0.025000 0.029687
0 0.760156 0.485938 0.039062 0.040625
0 0.821875 0.489844 0.025000 0.026562
0 0.875000 0.487500 0.021875 0.025000
0 0.696094 0.482812 0.023438 0.021875
0 0.635938 0.478906 0.025000 0.026562
0 0.575000 0.473438 0.025000 0.031250
0 0.507031 0.478125 0.023438 0.025000
0 0.264062 0.460938 0.043750 0.034375
0 0.135937 0.458594 0.031250 0.032813
0 0.441406 0.469531 0.029687 0.026562
0 0.382031 0.463281 0.029687 0.029687
0 0.192188 0.458594 0.037500 0.035937
0 0.074219 0.452344 0.035937 0.032813
0 0.879687 0.400781 0.012500 0.020313
0 0.825000 0.398438 0.028125 0.021875
0 0.767969 0.396094 0.045312 0.042188
0 0.635938 0.388281 0.028125 0.029687
0 0.570312 0.391406 0.031250 0.032813
0 0.705469 0.387500 0.029687 0.028125
0 0.512500 0.388281 0.021875 0.020313
0 0.446875 0.382812 0.025000 0.018750
0 0.385937 0.372656 0.034375 0.026562
0 0.204687 0.373437 0.037500 0.037500
0 0.324219 0.371875 0.032813 0.034375
0 0.142187 0.371094 0.034375 0.029687
0 0.262500 0.373437 0.028125 0.025000
0 0.085156 0.360156 0.029687 0.032813
0 0.772656 0.307031 0.029687 0.026562
0 0.712500 0.307031 0.025000 0.017188
0 0.828906 0.309375 0.026562 0.025000
0 0.519531 0.296875 0.029687 0.031250
0 0.646094 0.297656 0.032813 0.029687
0 0.582812 0.297656 0.034375 0.032813
0 0.464062 0.294531 0.034375 0.032813
0 0.393750 0.286719 0.034375 0.035937
0 0.339062 0.282813 0.031250 0.034375
0 0.206250 0.289062 0.021875 0.021875
0 0.149219 0.279687 0.042188 0.043750
0 0.271875 0.276562 0.034375 0.031250
0 0.084375 0.273438 0.034375 0.034375
0 0.018750 0.267188 0.034375 0.037500
0 0.832812 0.221875 0.018750 0.021875
0 0.771875 0.214062 0.028125 0.031250
0 0.585938 0.206250 0.043750 0.031250
0 0.650000 0.209375 0.034375 0.040625
0 0.713281 0.211719 0.020313 0.023438
0 0.525781 0.207813 0.035937 0.043750
0 0.462500 0.201563 0.034375 0.028125
0 0.392969 0.197656 0.029687 0.035937
0 0.272656 0.191406 0.035937 0.029687
0 0.212500 0.192969 0.021875 0.023438
0 0.155469 0.189062 0.020313 0.018750
0 0.089063 0.188281 0.025000 0.023438
0 0.025000 0.182812 0.025000 0.021875
0 0.585938 0.122656 0.031250 0.029687
0 0.772656 0.132031 0.026562 0.026562
0 0.714063 0.127344 0.034375 0.035937
0 0.529687 0.119531 0.018750 0.020313
0 0.463281 0.117969 0.026562 0.020313
0 0.279687 0.100781 0.031250 0.032813
0 0.213281 0.103906 0.023438 0.020313
0 0.152344 0.101562 0.023438 0.015625
0 0.027344 0.093750 0.020313 0.028125
0 0.646875 0.035156 0.031250 0.035937
0 0.778906 0.040625 0.026562 0.025000
0 0.830469 0.038281 0.029687 0.023438
0 0.717187 0.034375 0.028125 0.025000
0 0.590625 0.023438 0.040625 0.037500
0 0.532813 0.025000 0.021875 0.018750
0 0.467187 0.019531 0.031250 0.029687
0 0.215625 0.013281 0.028125 0.023438
0 0.092188 0.096875 0.037500 0.031250
0 0.392188 0.108594 0.031250 0.032813
0 0.071875 0.529687 0.053125 0.037500
0 0.367188 0.707031 0.040625 0.029687
0 0.320312 0.461719 0.040625 0.029687
0 0.505469 0.545312 0.045312 0.031250
0 0.064844 0.714063 0.029687 0.034375
0 0.496875 0.809375 0.040625 0.034375
0 0.313281 0.707812 0.035937 0.037500
0 0.252344 0.812500 0.035937 0.037500