0 0.350000 0.985156 0.018750 0.017188
0 0.219531 0.986719 0.020313 0.020313
0 0.157812 0.982812 0.025000 0.021875
0 0.087500 0.974219 0.015625 0.014063
0 0.028906 0.969531 0.010937 0.010937
0 0.358594 0.903906 0.017188 0.010937
0 0.229687 0.907031 0.025000 0.023438
0 0.292187 0.904687 0.021875 0.021875
0 0.044531 0.895312 0.023438 0.031250
0 0.168750 0.896875 0.031250 0.037500
0 0.103906 0.892969 0.035937 0.029687
0 0.358594 0.810937 0.017188 0.012500
0 0.103906 0.800781 0.029687 0.017188
0 0.167187 0.803906 0.028125 0.026562
0 0.235156 0.805469 0.035937 0.035937
0 0.045312 0.800000 0.031250 0.031250
0 0.300781 0.726562 0.023438 0.025000
0 0.237500 0.719531 0.037500 0.032813
0 0.173437 0.712500 0.031250 0.031250
0 0.103906 0.707812 0.023438 0.025000
0 0.044531 0.708594 0.029687 0.029687
0 0.362500 0.632812 0.031250 0.031250
0 0.304688 0.629687 0.025000 0.021875
0 0.240625 0.628906 0.031250 0.026562
0 0.175000 0.626563 0.037500 0.031250
0 0.110156 0.621875 0.035937 0.031250
0 0.046875 0.621875 0.034375 0.034375
0 0.306250 0.555469 0.040625 0.042188
0 0.256250 0.548438 0.025000 0.021875
0 0.182031 0.539062 0.032813 0.034375
0 0.112500 0.534375 0.031250 0.025000
0 0.058594 0.528125 0.026562 0.031250
0 0.313281 0.458594 0.032813 0.035937
0 0.055469 0.442188 0.014063 0.006250
0 0.248438 0.453125 0.037500 0.034375
0 0.185156 0.447656 0.029687 0.029687
0 0.221875 0.373437 0.043750 0.050000
0 0.277344 0.380469 0.029687 0.023438
0 0.091406 0.365625 0.035937 0.034375
0 0.032031 0.364063 0.032813 0.034375
0 0.357031 0.294531 0.042188 0.039062
0 0.283594 0.287500 0.026562 0.021875
0 0.229687 0.283594 0.025000 0.026562
0 0.039844 0.273438 0.026562 0.031250
0 0.103125 0.262500 0.043750 0.034375
0 0.299219 0.204687 0.023438 0.025000
0 0.240625 0.203125 0.031250 0.031250
0 0.117188 0.192188 0.028125 0.021875
0 0.048438 0.189062 0.031250 0.031250
0 0.373437 0.127344 0.025000 0.026562
0 0.250000 0.114844 0.025000 0.026562
0 0.117969 0.108594 0.020313 0.014063
0 0.060156 0.104688 0.020313 0.018750
0 0.378125 0.038281 0.015625 0.020313
0 0.318750 0.021875 0.018750 0.012500
0 0.190625 0.024219 0.031250 0.035937
0 0.130469 0.017188 0.020313 0.012500
0 0.064844 0.008594 0.010937 0.007812
0 0.245312 0.025000 0.050000 0.031250
0 0.364063 0.214062 0.034375 0.056250
0 0.167187 0.368750 0.031250 0.040625
0 0.112500 0.446094 0.040625 0.032813
0 0.355469 0.729688 0.026562 0.031250
0 0.304688 0.114844 0.037500 0.032813
0 0.363281 0.555469 0.035937 0.039062