0 0.970313 0.877344 0.025000 0.014063
0 0.911719 0.877344 0.023438 0.014063
0 0.856250 0.875781 0.025000 0.017188
0 0.784375 0.868750 0.018750 0.028125
0 0.220312 0.862500 0.031250 0.034375
0 0.595313 0.861719 0.021875 0.014063
0 0.660156 0.863281 0.032813 0.032813
0 0.346875 0.857812 0.021875 0.021875
0 0.467969 0.859375 0.026562 0.031250
0 0.275781 0.861719 0.039062 0.039062
0 0.029687 0.857812 0.028125 0.031250
0 0.526563 0.856250 0.034375 0.031250
0 0.152344 0.855469 0.039062 0.035937
0 0.410938 0.848437 0.031250 0.031250
0 0.848437 0.785156 0.031250 0.029687
0 0.914844 0.789844 0.026562 0.026562
0 0.725781 0.771875 0.023438 0.028125
0 0.794531 0.778125 0.026562 0.031250
0 0.594531 0.771094 0.023438 0.017188
0 0.664844 0.773438 0.032813 0.031250
0 0.533594 0.769531 0.032813 0.026562
0 0.093750 0.774219 0.037500 0.039062
0 0.152344 0.772656 0.048438 0.039062
0 0.274219 0.770312 0.045312 0.037500
0 0.213281 0.771094 0.039062 0.039062
0 0.028125 0.770312 0.046875 0.040625
0 0.921875 0.704688 0.034375 0.034375
0 0.811719 0.692187 0.032813 0.028125
0 0.860938 0.700000 0.034375 0.034375
0 0.038281 0.689063 0.039062 0.034375
0 0.609375 0.682031 0.040625 0.032813
0 0.417187 0.686719 0.031250 0.032813
0 0.482031 0.684375 0.029687 0.031250
0 0.350781 0.683594 0.039062 0.032813
0 0.225781 0.686719 0.032813 0.039062
0 0.675000 0.683594 0.037500 0.035937
0 0.098437 0.687500 0.040625 0.043750
0 0.285156 0.682031 0.039062 0.035937
0 0.163281 0.682031 0.035937 0.035937
0 0.916406 0.609375 0.032813 0.031250
0 0.868750 0.607031 0.031250 0.035937
0 0.802344 0.603125 0.032813 0.034375
0 0.035937 0.596875 0.034375 0.028125
0 0.421875 0.596094 0.031250 0.035937
0 0.615625 0.592969 0.031250 0.032813
0 0.355469 0.591406 0.029687 0.029687
0 0.100781 0.592969 0.032813 0.032813
0 0.295312 0.593750 0.031250 0.037500
0 0.677344 0.594531 0.039062 0.042188
0 0.166406 0.592969 0.035937 0.039062
0 0.555469 0.587500 0.026562 0.031250
0 0.226562 0.593750 0.037500 0.043750
0 0.484375 0.589844 0.037500 0.039062
0 0.733594 0.585938 0.032813 0.034375
0 0.967969 0.532031 0.017188 0.014063
0 0.907031 0.528906 0.029687 0.026562
0 0.597656 0.522656 0.026562 0.035937
0 0.787500 0.521094 0.040625 0.035937
0 0.860156 0.520312 0.035937 0.037500
0 0.657813 0.518750 0.028125 0.034375
0 0.724219 0.518750 0.039062 0.037500
0 0.533594 0.517969 0.035937 0.035937
0 0.473438 0.515625 0.040625 0.040625
0 0.405469 0.513281 0.039062 0.035937
0 0.339844 0.510156 0.035937 0.042188
0 0.281250 0.507812 0.037500 0.037500
0 0.095312 0.502344 0.031250 0.035937
0 0.221094 0.501563 0.039062 0.040625
0 0.162500 0.498437 0.034375 0.037500
0 0.039844 0.490625 0.023438 0.025000
0 0.657813 0.433594 0.034375 0.029687
0 0.967187 0.441406 0.031250 0.029687
0 0.849219 0.437500 0.023438 0.025000
0 0.792969 0.435156 0.029687 0.035937
0 0.728125 0.433594 0.040625 0.039062
0 0.541406 0.433594 0.032813 0.039062
0 0.478125 0.427344 0.028125 0.029687
0 0.599219 0.429688 0.039062 0.037500
0 0.106250 0.410156 0.037500 0.039062
0 0.414062 0.422656 0.037500 0.039062
0 0.289062 0.416406 0.025000 0.026562
0 0.341406 0.421094 0.039062 0.039062
0 0.171094 0.414062 0.026562 0.031250
0 0.229687 0.414062 0.031250 0.037500
0 0.038281 0.403125 0.035937 0.031250
0 0.907813 0.350000 0.028125 0.034375
0 0.978906 0.353906 0.039062 0.035937
0 0.861719 0.346875 0.039062 0.037500
0 0.800781 0.345313 0.032813 0.034375
0 0.670312 0.346875 0.037500 0.037500
0 0.735938 0.346094 0.040625 0.045312
0 0.605469 0.342187 0.042188 0.043750
0 0.546094 0.339844 0.042188 0.045312
0 0.165625 0.334375 0.034375 0.040625
0 0.482812 0.337500 0.050000 0.050000
0 0.422656 0.331250 0.039062 0.040625
0 0.356250 0.330469 0.043750 0.039062
0 0.046094 0.320312 0.023438 0.018750
0 0.293750 0.329688 0.040625 0.040625
0 0.234375 0.325781 0.040625 0.039062
0 0.110156 0.321875 0.035937 0.037500
0 0.922656 0.260156 0.029687 0.032813
0 0.861719 0.258594 0.035937 0.039062
0 0.671875 0.255469 0.040625 0.035937
0 0.610156 0.251563 0.029687 0.028125
0 0.738281 0.253125 0.039062 0.034375
0 0.801562 0.252344 0.037500 0.035937
0 0.242188 0.236719 0.028125 0.026562
0 0.549219 0.250000 0.042188 0.040625
0 0.489844 0.249219 0.042188 0.042188
0 0.299219 0.240625 0.042188 0.034375
0 0.110937 0.233594 0.034375 0.026562
0 0.364844 0.239844 0.039062 0.045312
0 0.173437 0.235937 0.043750 0.040625
0 0.053906 0.224219 0.039062 0.039062
0 0.923438 0.169531 0.031250 0.026562
0 0.800781 0.165625 0.035937 0.037500
0 0.675000 0.164062 0.040625 0.034375
0 0.614062 0.159375 0.028125 0.025000
0 0.864844 0.164844 0.039062 0.039062
0 0.738281 0.164062 0.039062 0.040625
0 0.550781 0.160938 0.039062 0.037500
0 0.489844 0.160156 0.039062 0.039062
0 0.427344 0.159375 0.032813 0.037500
0 0.365625 0.154688 0.040625 0.043750
0 0.301563 0.147656 0.040625 0.039062
0 0.238281 0.143750 0.045312 0.034375
0 0.171875 0.140625 0.046875 0.040625
0 0.113281 0.140625 0.042188 0.040625
0 0.052344 0.139063 0.042188 0.037500
0 0.010156 0.128906 0.017188 0.032813
0 0.929688 0.075781 0.031250 0.026562
0 0.867969 0.076563 0.035937 0.034375
0 0.611719 0.069531 0.026562 0.020313
0 0.742969 0.077344 0.035937 0.039062
0 0.678125 0.076563 0.040625 0.037500
0 0.802344 0.073438 0.042188 0.040625
0 0.557031 0.070312 0.029687 0.037500
0 0.496875 0.068750 0.034375 0.037500
0 0.432031 0.067187 0.042188 0.043750
0 0.371094 0.064062 0.039062 0.037500
0 0.303125 0.060937 0.040625 0.037500
0 0.239844 0.058594 0.039062 0.039062
0 0.181250 0.056250 0.031250 0.037500
0 0.121875 0.054688 0.034375 0.034375
0 0.063281 0.047656 0.039062 0.039062
0 0.010937 0.042188 0.018750 0.037500
0 0.410938 0.241406 0.046875 0.039062
0 0.095312 0.861719 0.040625 0.026562
0 0.979688 0.789062 0.034375 0.037500