0 0.731250 0.881250 0.028125 0.009375
0 0.799219 0.879687 0.026562 0.012500
0 0.603906 0.877344 0.026562 0.014063
0 0.470313 0.877344 0.025000 0.014063
0 0.411719 0.877344 0.023438 0.014063
0 0.356250 0.875781 0.025000 0.017188
0 0.539062 0.875000 0.028125 0.018750
0 0.284375 0.868750 0.018750 0.028125
0 0.095312 0.861719 0.021875 0.014063
0 0.160156 0.863281 0.032813 0.032813
0 0.026562 0.856250 0.034375 0.031250
0 0.348438 0.785156 0.031250 0.029687
0 0.929688 0.792969 0.028125 0.026562
0 0.735156 0.789062 0.026562 0.025000
0 0.414844 0.789844 0.026562 0.026562
0 0.800000 0.789844 0.031250 0.029687
0 0.610156 0.786719 0.026562 0.023438
0 0.862500 0.785156 0.025000 0.023438
0 0.546094 0.789062 0.026562 0.031250
0 0.225781 0.771875 0.023438 0.028125
0 0.294531 0.778125 0.026562 0.031250
0 0.094531 0.771094 0.023438 0.017188
0 0.164844 0.773438 0.032813 0.031250
0 0.033594 0.769531 0.032813 0.026562
0 0.941406 0.709375 0.035937 0.031250
0 0.831250 0.712500 0.028125 0.021875
0 0.682813 0.712500 0.021875 0.028125
0 0.746875 0.707031 0.028125 0.026562
0 0.624219 0.707812 0.035937 0.037500
0 0.551562 0.707031 0.037500 0.039062
0 0.421875 0.704688 0.034375 0.034375
0 0.311719 0.692187 0.032813 0.028125
0 0.493750 0.703125 0.031250 0.037500
0 0.360938 0.700000 0.034375 0.034375
0 0.109375 0.682031 0.040625 0.032813
0 0.175000 0.683594 0.037500 0.035937
0 0.899219 0.621875 0.035937 0.034375
0 0.950000 0.625781 0.028125 0.026562
0 0.416406 0.609375 0.032813 0.031250
0 0.752344 0.610938 0.032813 0.034375
0 0.564063 0.617188 0.021875 0.025000
0 0.628125 0.616406 0.025000 0.026562
0 0.825000 0.613281 0.028125 0.029687
0 0.498437 0.614062 0.028125 0.031250
0 0.368750 0.607031 0.031250 0.035937
0 0.302344 0.603125 0.032813 0.034375
0 0.115625 0.592969 0.031250 0.032813
0 0.177344 0.594531 0.039062 0.042188
0 0.055469 0.587500 0.026562 0.031250
0 0.233594 0.585938 0.032813 0.034375
0 0.959375 0.549219 0.037500 0.032813
0 0.896875 0.546094 0.031250 0.026562
0 0.722656 0.536719 0.035937 0.032813
0 0.840625 0.543750 0.037500 0.037500
0 0.467969 0.532031 0.017188 0.014063
0 0.579688 0.540625 0.037500 0.034375
0 0.655469 0.535156 0.023438 0.026562
0 0.780469 0.537500 0.039062 0.037500
0 0.407031 0.528906 0.029687 0.026562
0 0.526563 0.528906 0.031250 0.029687
0 0.097656 0.522656 0.026562 0.035937
0 0.287500 0.521094 0.040625 0.035937
0 0.360156 0.520312 0.035937 0.037500
0 0.157812 0.518750 0.028125 0.034375
0 0.224219 0.518750 0.039062 0.037500
0 0.033594 0.517969 0.035937 0.035937
0 0.963281 0.460156 0.029687 0.029687
0 0.899219 0.456250 0.039062 0.034375
0 0.595313 0.442969 0.031250 0.039062
0 0.787500 0.446875 0.037500 0.037500
0 0.157812 0.433594 0.034375 0.029687
0 0.724219 0.442188 0.032813 0.031250
0 0.467187 0.441406 0.031250 0.029687
0 0.349219 0.437500 0.023438 0.025000
0 0.660156 0.442188 0.032813 0.037500
0 0.292969 0.435156 0.029687 0.035937
0 0.228125 0.433594 0.040625 0.039062
0 0.041406 0.433594 0.032813 0.039062
0 0.099219 0.429688 0.039062 0.037500
0 0.970313 0.371875 0.034375 0.034375
0 0.914062 0.372656 0.031250 0.035937
0 0.851562 0.363281 0.031250 0.029687
0 0.407813 0.350000 0.028125 0.034375
0 0.605469 0.359375 0.029687 0.031250
0 0.542188 0.359375 0.031250 0.031250
0 0.666406 0.359375 0.029687 0.034375
0 0.721875 0.356250 0.037500 0.037500
0 0.792188 0.355469 0.034375 0.039062
0 0.478906 0.353906 0.039062 0.035937
0 0.361719 0.346875 0.039062 0.037500
0 0.300781 0.345313 0.032813 0.034375
0 0.170313 0.346875 0.037500 0.037500
0 0.235937 0.346094 0.040625 0.045312
0 0.105469 0.342187 0.042188 0.043750
0 0.046094 0.339844 0.042188 0.045312
0 0.977344 0.282813 0.032813 0.037500
0 0.914844 0.279687 0.042188 0.037500
0 0.853125 0.275781 0.037500 0.035937
0 0.794531 0.270313 0.026562 0.025000
0 0.668750 0.274219 0.034375 0.035937
0 0.543750 0.271875 0.037500 0.034375
0 0.603125 0.271875 0.040625 0.037500
0 0.728125 0.267969 0.050000 0.039062
0 0.481250 0.264844 0.043750 0.039062
0 0.422656 0.260156 0.029687 0.032813
0 0.361719 0.258594 0.035937 0.039062
0 0.171875 0.255469 0.040625 0.035937
0 0.110156 0.251563 0.029687 0.028125
0 0.238281 0.253125 0.039062 0.034375
0 0.301563 0.252344 0.037500 0.035937
0 0.049219 0.250000 0.042188 0.040625
0 0.797656 0.204687 0.032813 0.037500
0 0.917188 0.192188 0.031250 0.028125
0 0.857031 0.185156 0.035937 0.039062
0 0.728125 0.178906 0.031250 0.029687
0 0.605469 0.178906 0.032813 0.032813
0 0.671875 0.178906 0.034375 0.039062
0 0.542969 0.176563 0.039062 0.037500
0 0.485938 0.175000 0.034375 0.034375
0 0.423438 0.169531 0.031250 0.026562
0 0.300781 0.165625 0.035937 0.037500
0 0.175000 0.164062 0.040625 0.034375
0 0.114062 0.159375 0.028125 0.025000
0 0.364844 0.164844 0.039062 0.039062
0 0.238281 0.164062 0.039062 0.040625
0 0.050781 0.160938 0.039062 0.037500
0 0.917969 0.102344 0.035937 0.035937
0 0.861719 0.094531 0.035937 0.039062
0 0.792969 0.091406 0.045312 0.039062
0 0.678125 0.089063 0.034375 0.034375
0 0.615625 0.086719 0.034375 0.032813
0 0.553125 0.088281 0.034375 0.035937
0 0.492188 0.083594 0.031250 0.032813
0 0.429688 0.075781 0.031250 0.026562
0 0.367969 0.076563 0.035937 0.034375
0 0.111719 0.069531 0.026562 0.020313
0 0.242969 0.077344 0.035937 0.039062
0 0.178125 0.076563 0.040625 0.037500
0 0.302344 0.073438 0.042188 0.040625
0 0.057031 0.070312 0.029687 0.037500
0 0.673438 0.792969 0.034375 0.032813
0 0.479687 0.789062 0.034375 0.037500