0 0.231250 0.881250 0.028125 0.009375
0 0.299219 0.879687 0.026562 0.012500
0 0.103906 0.877344 0.026562 0.014063
0 0.039062 0.875000 0.028125 0.018750
0 0.925000 0.829688 0.025000 0.021875
0 0.675781 0.821094 0.029687 0.032813
0 0.743750 0.817187 0.028125 0.028125
0 0.550000 0.803125 0.021875 0.018750
0 0.487500 0.797656 0.025000 0.026562
0 0.429688 0.792969 0.028125 0.026562
0 0.235156 0.789062 0.026562 0.025000
0 0.300000 0.789844 0.031250 0.029687
0 0.110156 0.786719 0.026562 0.023438
0 0.362500 0.785156 0.025000 0.023438
0 0.046094 0.789062 0.026562 0.031250
0 0.932813 0.756250 0.031250 0.028125
0 0.441406 0.709375 0.035937 0.031250
0 0.331250 0.712500 0.028125 0.021875
0 0.182812 0.712500 0.021875 0.028125
0 0.246875 0.707031 0.028125 0.026562
0 0.124219 0.707812 0.035937 0.037500
0 0.051562 0.707031 0.037500 0.039062
0 0.697656 0.646094 0.032813 0.039062
0 0.399219 0.621875 0.035937 0.034375
0 0.516406 0.625781 0.023438 0.023438
0 0.450000 0.625781 0.028125 0.026562
0 0.252344 0.610938 0.032813 0.034375
0 0.064062 0.617188 0.021875 0.025000
0 0.128125 0.616406 0.025000 0.026562
0 0.325000 0.613281 0.028125 0.029687
0 0.957031 0.567969 0.020313 0.014063
0 0.773438 0.559375 0.025000 0.025000
0 0.718750 0.563281 0.028125 0.029687
0 0.646094 0.560937 0.032813 0.034375
0 0.582812 0.557813 0.034375 0.031250
0 0.521875 0.552344 0.031250 0.035937
0 0.459375 0.549219 0.037500 0.032813
0 0.396875 0.546094 0.031250 0.026562
0 0.222656 0.536719 0.035937 0.032813
0 0.340625 0.543750 0.037500 0.037500
0 0.079687 0.540625 0.037500 0.034375
0 0.155469 0.535156 0.023438 0.026562
0 0.280469 0.537500 0.039062 0.037500
0 0.026562 0.528906 0.031250 0.029687
0 0.961719 0.475000 0.020313 0.015625
0 0.902344 0.478906 0.029687 0.029687
0 0.832031 0.475000 0.035937 0.028125
0 0.589063 0.467187 0.021875 0.021875
0 0.657813 0.466406 0.021875 0.023438
0 0.776563 0.470313 0.034375 0.034375
0 0.714063 0.464844 0.025000 0.023438
0 0.463281 0.460156 0.029687 0.029687
0 0.528906 0.458594 0.032813 0.035937
0 0.399219 0.456250 0.039062 0.034375
0 0.095312 0.442969 0.031250 0.039062
0 0.287500 0.446875 0.037500 0.037500
0 0.224219 0.442188 0.032813 0.031250
0 0.160156 0.442188 0.032813 0.037500
0 0.977344 0.398438 0.020313 0.021875
0 0.913281 0.396094 0.032813 0.029687
0 0.850781 0.392188 0.039062 0.037500
0 0.724219 0.382812 0.039062 0.031250
0 0.787500 0.385937 0.040625 0.040625
0 0.664844 0.382031 0.032813 0.035937
0 0.602344 0.378906 0.032813 0.035937
0 0.470313 0.371875 0.034375 0.034375
0 0.414062 0.372656 0.031250 0.035937
0 0.543750 0.369531 0.034375 0.032813
0 0.351562 0.363281 0.031250 0.029687
0 0.105469 0.359375 0.029687 0.031250
0 0.042188 0.359375 0.031250 0.031250
0 0.166406 0.359375 0.029687 0.034375
0 0.221875 0.356250 0.037500 0.037500
0 0.292187 0.355469 0.034375 0.039062
0 0.921875 0.300000 0.028125 0.028125
0 0.987500 0.295312 0.021875 0.021875
0 0.727344 0.293750 0.023438 0.018750
0 0.854688 0.292969 0.034375 0.035937
0 0.664062 0.292969 0.031250 0.035937
0 0.785937 0.289844 0.037500 0.035937
0 0.607812 0.289844 0.031250 0.035937
0 0.477344 0.282813 0.032813 0.037500
0 0.534375 0.281250 0.040625 0.037500
0 0.414844 0.279687 0.042188 0.037500
0 0.353125 0.275781 0.037500 0.035937
0 0.294531 0.270313 0.026562 0.025000
0 0.168750 0.274219 0.034375 0.035937
0 0.043750 0.271875 0.037500 0.034375
0 0.103125 0.271875 0.040625 0.037500
0 0.228125 0.267969 0.050000 0.039062
0 0.859375 0.211719 0.025000 0.020313
0 0.921094 0.211719 0.026562 0.026562
0 0.982812 0.212500 0.028125 0.031250
0 0.796094 0.196094 0.029687 0.032813
0 0.731250 0.204687 0.028125 0.028125
0 0.669531 0.203906 0.032813 0.032813
0 0.297656 0.204687 0.032813 0.037500
0 0.608594 0.199219 0.032813 0.035937
0 0.545312 0.192969 0.031250 0.029687
0 0.482812 0.193750 0.034375 0.031250
0 0.417187 0.192188 0.031250 0.028125
0 0.357031 0.185156 0.035937 0.039062
0 0.228125 0.178906 0.031250 0.029687
0 0.105469 0.178906 0.032813 0.032813
0 0.171875 0.178906 0.034375 0.039062
0 0.042969 0.176563 0.039062 0.037500
0 0.922656 0.120313 0.026562 0.025000
0 0.860938 0.119531 0.034375 0.032813
0 0.797656 0.115625 0.035937 0.034375
0 0.740625 0.114844 0.028125 0.032813
0 0.614062 0.110156 0.028125 0.029687
0 0.678906 0.109375 0.032813 0.031250
0 0.487500 0.103906 0.031250 0.032813
0 0.549219 0.103125 0.035937 0.034375
0 0.417969 0.102344 0.035937 0.035937
0 0.361719 0.094531 0.035937 0.039062
0 0.292969 0.091406 0.045312 0.039062
0 0.178125 0.089063 0.034375 0.034375
0 0.115625 0.086719 0.034375 0.032813
0 0.053125 0.088281 0.034375 0.035937
0 0.871094 0.039844 0.026562 0.023438
0 0.682813 0.032031 0.028125 0.035937
0 0.810937 0.032031 0.028125 0.029687
0 0.933594 0.033594 0.029687 0.035937
0 0.620313 0.021875 0.025000 0.015625
0 0.551562 0.023438 0.028125 0.028125
0 0.492969 0.014844 0.023438 0.026562
0 0.737500 0.035937 0.037500 0.040625
0 0.902344 0.567969 0.032813 0.035937
0 0.833594 0.568750 0.023438 0.034375
0 0.768750 0.643750 0.034375 0.037500
0 0.173437 0.792969 0.034375 0.032813
0 0.875781 0.648438 0.039062 0.031250
0 0.932813 0.654687 0.025000 0.034375
0 0.759375 0.746094 0.034375 0.035937
0 0.614062 0.806250 0.034375 0.028125
0 0.514844 0.717187 0.042188 0.031250
0 0.807813 0.817969 0.028125 0.035937