0 0.550000 0.836719 0.034375 0.032813
0 0.684375 0.840625 0.031250 0.025000
0 0.608594 0.836719 0.029687 0.029687
0 0.425000 0.829688 0.025000 0.021875
0 0.491406 0.831250 0.029687 0.028125
0 0.175781 0.821094 0.029687 0.032813
0 0.243750 0.817187 0.028125 0.028125
0 0.050000 0.803125 0.021875 0.018750
0 0.690625 0.756250 0.025000 0.021875
0 0.560156 0.757812 0.026562 0.028125
0 0.432812 0.756250 0.031250 0.028125
0 0.631250 0.756250 0.021875 0.021875
0 0.501563 0.746094 0.021875 0.023438
0 0.557813 0.667188 0.031250 0.037500
0 0.702344 0.667969 0.023438 0.023438
0 0.635938 0.661719 0.021875 0.023438
0 0.197656 0.646094 0.032813 0.039062
0 0.016406 0.625781 0.023438 0.023438
0 0.783594 0.585156 0.014063 0.014063
0 0.846875 0.580469 0.021875 0.014063
0 0.587500 0.571875 0.018750 0.009375
0 0.721094 0.575781 0.023438 0.020313
0 0.457031 0.567969 0.020313 0.014063
0 0.657813 0.569531 0.021875 0.023438
0 0.526563 0.568750 0.028125 0.028125
0 0.273438 0.559375 0.025000 0.025000
0 0.218750 0.563281 0.028125 0.029687
0 0.146094 0.560937 0.032813 0.034375
0 0.082812 0.557813 0.034375 0.031250
0 0.021875 0.552344 0.031250 0.035937
0 0.787500 0.484375 0.028125 0.031250
0 0.850000 0.485156 0.018750 0.017188
0 0.719531 0.486719 0.020313 0.020313
0 0.657813 0.482812 0.025000 0.021875
0 0.587500 0.474219 0.015625 0.014063
0 0.461719 0.475000 0.020313 0.015625
0 0.528906 0.469531 0.010937 0.010937
0 0.402344 0.478906 0.029687 0.029687
0 0.332031 0.475000 0.035937 0.028125
0 0.089063 0.467187 0.021875 0.021875
0 0.157812 0.466406 0.021875 0.023438
0 0.276562 0.470313 0.034375 0.034375
0 0.214062 0.464844 0.025000 0.023438
0 0.028906 0.458594 0.032813 0.035937
0 0.858594 0.403906 0.017188 0.010937
0 0.729688 0.407031 0.025000 0.023438
0 0.792188 0.404687 0.021875 0.021875
0 0.477344 0.398438 0.020313 0.021875
0 0.413281 0.396094 0.032813 0.029687
0 0.544531 0.395313 0.023438 0.031250
0 0.668750 0.396875 0.031250 0.037500
0 0.603906 0.392969 0.035937 0.029687
0 0.350781 0.392188 0.039062 0.037500
0 0.224219 0.382812 0.039062 0.031250
0 0.287500 0.385937 0.040625 0.040625
0 0.164844 0.382031 0.032813 0.035937
0 0.102344 0.378906 0.032813 0.035937
0 0.043750 0.369531 0.034375 0.032813
0 0.858594 0.310937 0.017188 0.012500
0 0.603906 0.300781 0.029687 0.017188
0 0.667188 0.303906 0.028125 0.026562
0 0.735156 0.305469 0.035937 0.035937
0 0.421875 0.300000 0.028125 0.028125
0 0.545312 0.300000 0.031250 0.031250
0 0.487500 0.295312 0.021875 0.021875
0 0.227344 0.293750 0.023438 0.018750
0 0.354687 0.292969 0.034375 0.035937
0 0.164062 0.292969 0.031250 0.035937
0 0.285938 0.289844 0.037500 0.035937
0 0.107813 0.289844 0.031250 0.035937
0 0.034375 0.281250 0.040625 0.037500
0 0.800781 0.226562 0.023438 0.025000
0 0.737500 0.219531 0.037500 0.032813
0 0.359375 0.211719 0.025000 0.020313
0 0.421094 0.211719 0.026562 0.026562
0 0.673438 0.212500 0.031250 0.031250
0 0.482812 0.212500 0.028125 0.031250
0 0.603906 0.207813 0.023438 0.025000
0 0.544531 0.208594 0.029687 0.029687
0 0.296094 0.196094 0.029687 0.032813
0 0.231250 0.204687 0.028125 0.028125
0 0.169531 0.203906 0.032813 0.032813
0 0.108594 0.199219 0.032813 0.035937
0 0.045312 0.192969 0.031250 0.029687
0 0.862500 0.132812 0.031250 0.031250
0 0.804688 0.129688 0.025000 0.021875
0 0.740625 0.128906 0.031250 0.026562
0 0.675000 0.126562 0.037500 0.031250
0 0.422656 0.120313 0.026562 0.025000
0 0.610156 0.121875 0.035937 0.031250
0 0.486719 0.121094 0.029687 0.029687
0 0.546875 0.121875 0.034375 0.034375
0 0.360938 0.119531 0.034375 0.032813
0 0.297656 0.115625 0.035937 0.034375
0 0.240625 0.114844 0.028125 0.032813
0 0.114062 0.110156 0.028125 0.029687
0 0.178906 0.109375 0.032813 0.031250
0 0.049219 0.103125 0.035937 0.034375
0 0.806250 0.055469 0.040625 0.042188
0 0.756250 0.048438 0.025000 0.021875
0 0.371094 0.039844 0.026562 0.023438
0 0.182812 0.032031 0.028125 0.035937
0 0.682031 0.039062 0.032813 0.034375
0 0.612500 0.034375 0.031250 0.025000
0 0.490625 0.035937 0.034375 0.034375
0 0.310937 0.032031 0.028125 0.029687
0 0.433594 0.033594 0.029687 0.035937
0 0.120313 0.021875 0.025000 0.015625
0 0.558594 0.028125 0.026562 0.031250
0 0.051562 0.023438 0.028125 0.028125
0 0.237500 0.035937 0.037500 0.040625
0 0.855469 0.229687 0.026562 0.031250
0 0.871875 0.671875 0.028125 0.031250
0 0.402344 0.567969 0.032813 0.035937
0 0.333594 0.568750 0.023438 0.034375
0 0.268750 0.643750 0.034375 0.037500
0 0.375781 0.648438 0.039062 0.031250
0 0.432812 0.654687 0.025000 0.034375
0 0.259375 0.746094 0.034375 0.035937
0 0.114062 0.806250 0.034375 0.028125
0 0.307812 0.817969 0.028125 0.035937
0 0.809375 0.673438 0.031250 0.028125
0 0.754687 0.678125 0.025000 0.021875
0 0.737500 0.847656 0.031250 0.032813
0 0.863281 0.055469 0.035937 0.039062