0 0.050000 0.836719 0.034375 0.032813
0 0.184375 0.840625 0.031250 0.025000
0 0.108594 0.836719 0.029687 0.029687
0 0.190625 0.756250 0.025000 0.021875
0 0.060156 0.757812 0.026562 0.028125
0 0.131250 0.756250 0.021875 0.021875
0 0.057813 0.667188 0.031250 0.037500
0 0.202344 0.667969 0.023438 0.023438
0 0.135937 0.661719 0.021875 0.023438
0 0.283594 0.585156 0.014063 0.014063
0 0.346875 0.580469 0.021875 0.014063
0 0.087500 0.571875 0.018750 0.009375
0 0.221094 0.575781 0.023438 0.020313
0 0.157812 0.569531 0.021875 0.023438
0 0.026562 0.568750 0.028125 0.028125
0 0.287500 0.484375 0.028125 0.031250
0 0.350000 0.485156 0.018750 0.017188
0 0.219531 0.486719 0.020313 0.020313
0 0.157812 0.482812 0.025000 0.021875
0 0.087500 0.474219 0.015625 0.014063
0 0.028906 0.469531 0.010937 0.010937
0 0.358594 0.403906 0.017188 0.010937
0 0.229687 0.407031 0.025000 0.023438
0 0.292187 0.404687 0.021875 0.021875
0 0.044531 0.395313 0.023438 0.031250
0 0.168750 0.396875 0.031250 0.037500
0 0.103906 0.392969 0.035937 0.029687
0 0.358594 0.310937 0.017188 0.012500
0 0.103906 0.300781 0.029687 0.017188
0 0.167187 0.303906 0.028125 0.026562
0 0.235156 0.305469 0.035937 0.035937
0 0.045312 0.300000 0.031250 0.031250
0 0.300781 0.226562 0.023438 0.025000
0 0.237500 0.219531 0.037500 0.032813
0 0.173437 0.212500 0.031250 0.031250
0 0.103906 0.207813 0.023438 0.025000
0 0.044531 0.208594 0.029687 0.029687
0 0.362500 0.132812 0.031250 0.031250
0 0.304688 0.129688 0.025000 0.021875
0 0.240625 0.128906 0.031250 0.026562
0 0.175000 0.126562 0.037500 0.031250
0 0.110156 0.121875 0.035937 0.031250
0 0.046875 0.121875 0.034375 0.034375
0 0.306250 0.055469 0.040625 0.042188
0 0.256250 0.048438 0.025000 0.021875
0 0.182031 0.039062 0.032813 0.034375
0 0.112500 0.034375 0.031250 0.025000
0 0.058594 0.028125 0.026562 0.031250
0 0.355469 0.229687 0.026562 0.031250
0 0.371875 0.671875 0.028125 0.031250
0 0.309375 0.673438 0.031250 0.028125
0 0.254688 0.678125 0.025000 0.021875
0 0.237500 0.847656 0.031250 0.032813
0 0.363281 0.055469 0.035937 0.039062