0 0.970313 0.377344 0.025000 0.014063
0 0.911719 0.377344 0.023438 0.014063
0 0.856250 0.375781 0.025000 0.017188
0 0.784375 0.368750 0.018750 0.028125
0 0.220312 0.362500 0.031250 0.034375
0 0.595313 0.361719 0.021875 0.014063
0 0.660156 0.363281 0.032813 0.032813
0 0.346875 0.357812 0.021875 0.021875
0 0.467969 0.359375 0.026562 0.031250
0 0.275781 0.361719 0.039062 0.039062
0 0.029687 0.357812 0.028125 0.031250
0 0.526563 0.356250 0.034375 0.031250
0 0.152344 0.355469 0.039062 0.035937
0 0.410938 0.348438 0.031250 0.031250
0 0.848437 0.285156 0.031250 0.029687
0 0.914844 0.289844 0.026562 0.026562
0 0.725781 0.271875 0.023438 0.028125
0 0.794531 0.278125 0.026562 0.031250
0 0.594531 0.271094 0.023438 0.017188
0 0.664844 0.273438 0.032813 0.031250
0 0.533594 0.269531 0.032813 0.026562
0 0.093750 0.274219 0.037500 0.039062
0 0.152344 0.272656 0.048438 0.039062
0 0.274219 0.270313 0.045312 0.037500
0 0.213281 0.271094 0.039062 0.039062
0 0.028125 0.270313 0.046875 0.040625
0 0.921875 0.204687 0.034375 0.034375
0 0.811719 0.192188 0.032813 0.028125
0 0.860938 0.200000 0.034375 0.034375
0 0.038281 0.189062 0.039062 0.034375
0 0.609375 0.182031 0.040625 0.032813
0 0.417187 0.186719 0.031250 0.032813
0 0.482031 0.184375 0.029687 0.031250
0 0.350781 0.183594 0.039062 0.032813
0 0.225781 0.186719 0.032813 0.039062
0 0.675000 0.183594 0.037500 0.035937
0 0.098437 0.187500 0.040625 0.043750
0 0.285156 0.182031 0.039062 0.035937
0 0.163281 0.182031 0.035937 0.035937
0 0.916406 0.109375 0.032813 0.031250
0 0.868750 0.107031 0.031250 0.035937
0 0.802344 0.103125 0.032813 0.034375
0 0.035937 0.096875 0.034375 0.028125
0 0.421875 0.096094 0.031250 0.035937
0 0.615625 0.092969 0.031250 0.032813
0 0.355469 0.091406 0.029687 0.029687
0 0.100781 0.092969 0.032813 0.032813
0 0.295312 0.093750 0.031250 0.037500
0 0.677344 0.094531 0.039062 0.042188
0 0.166406 0.092969 0.035937 0.039062
0 0.555469 0.087500 0.026562 0.031250
0 0.226562 0.093750 0.037500 0.043750
0 0.484375 0.089844 0.037500 0.039062
0 0.733594 0.085938 0.032813 0.034375
0 0.967969 0.032031 0.017188 0.014063
0 0.907031 0.028906 0.029687 0.026562
0 0.597656 0.022656 0.026562 0.035937
0 0.787500 0.021094 0.040625 0.035937
0 0.860156 0.020313 0.035937 0.037500
0 0.657813 0.018750 0.028125 0.034375
0 0.095312 0.361719 0.040625 0.026562
0 0.979688 0.289062 0.034375 0.037500