0 0.731250 0.381250 0.028125 0.009375
0 0.799219 0.379688 0.026562 0.012500
0 0.603906 0.377344 0.026562 0.014063
0 0.470313 0.377344 0.025000 0.014063
0 0.411719 0.377344 0.023438 0.014063
0 0.356250 0.375781 0.025000 0.017188
0 0.539062 0.375000 0.028125 0.018750
0 0.284375 0.368750 0.018750 0.028125
0 0.095312 0.361719 0.021875 0.014063
0 0.160156 0.363281 0.032813 0.032813
0 0.026562 0.356250 0.034375 0.031250
0 0.348438 0.285156 0.031250 0.029687
0 0.929688 0.292969 0.028125 0.026562
0 0.735156 0.289062 0.026562 0.025000
0 0.414844 0.289844 0.026562 0.026562
0 0.800000 0.289844 0.031250 0.029687
0 0.610156 0.286719 0.026562 0.023438
0 0.862500 0.285156 0.025000 0.023438
0 0.546094 0.289062 0.026562 0.031250
0 0.225781 0.271875 0.023438 0.028125
0 0.294531 0.278125 0.026562 0.031250
0 0.094531 0.271094 0.023438 0.017188
0 0.164844 0.273438 0.032813 0.031250
0 0.033594 0.269531 0.032813 0.026562
0 0.941406 0.209375 0.035937 0.031250
0 0.831250 0.212500 0.028125 0.021875
0 0.682813 0.212500 0.021875 0.028125
0 0.746875 0.207031 0.028125 0.026562
0 0.624219 0.207813 0.035937 0.037500
0 0.551562 0.207031 0.037500 0.039062
0 0.421875 0.204687 0.034375 0.034375
0 0.311719 0.192188 0.032813 0.028125
0 0.493750 0.203125 0.031250 0.037500
0 0.360938 0.200000 0.034375 0.034375
0 0.109375 0.182031 0.040625 0.032813
0 0.175000 0.183594 0.037500 0.035937
0 0.899219 0.121875 0.035937 0.034375
0 0.950000 0.125781 0.028125 0.026562
0 0.416406 0.109375 0.032813 0.031250
0 0.752344 0.110937 0.032813 0.034375
0 0.564063 0.117188 0.021875 0.025000
0 0.628125 0.116406 0.025000 0.026562
0 0.825000 0.113281 0.028125 0.029687
0 0.498437 0.114062 0.028125 0.031250
0 0.368750 0.107031 0.031250 0.035937
0 0.302344 0.103125 0.032813 0.034375
0 0.115625 0.092969 0.031250 0.032813
0 0.177344 0.094531 0.039062 0.042188
0 0.055469 0.087500 0.026562 0.031250
0 0.233594 0.085938 0.032813 0.034375
0 0.959375 0.049219 0.037500 0.032813
0 0.896875 0.046094 0.031250 0.026562
0 0.722656 0.036719 0.035937 0.032813
0 0.840625 0.043750 0.037500 0.037500
0 0.467969 0.032031 0.017188 0.014063
0 0.579688 0.040625 0.037500 0.034375
0 0.655469 0.035156 0.023438 0.026562
0 0.780469 0.037500 0.039062 0.037500
0 0.407031 0.028906 0.029687 0.026562
0 0.526563 0.028906 0.031250 0.029687
0 0.097656 0.022656 0.026562 0.035937
0 0.287500 0.021094 0.040625 0.035937
0 0.360156 0.020313 0.035937 0.037500
0 0.157812 0.018750 0.028125 0.034375
0 0.673438 0.292969 0.034375 0.032813
0 0.479687 0.289062 0.034375 0.037500