0 0.231250 0.381250 0.028125 0.009375
0 0.299219 0.379688 0.026562 0.012500
0 0.103906 0.377344 0.026562 0.014063
0 0.039062 0.375000 0.028125 0.018750
0 0.925000 0.329688 0.025000 0.021875
0 0.675781 0.321094 0.029687 0.032813
0 0.743750 0.317188 0.028125 0.028125
0 0.550000 0.303125 0.021875 0.018750
0 0.487500 0.297656 0.025000 0.026562
0 0.429688 0.292969 0.028125 0.026562
0 0.235156 0.289062 0.026562 0.025000
0 0.300000 0.289844 0.031250 0.029687
0 0.110156 0.286719 0.026562 0.023438
0 0.362500 0.285156 0.025000 0.023438
0 0.046094 0.289062 0.026562 0.031250
0 0.932813 0.256250 0.031250 0.028125
0 0.441406 0.209375 0.035937 0.031250
0 0.331250 0.212500 0.028125 0.021875
0 0.182812 0.212500 0.021875 0.028125
0 0.246875 0.207031 0.028125 0.026562
0 0.124219 0.207813 0.035937 0.037500
0 0.051562 0.207031 0.037500 0.039062
0 0.697656 0.146094 0.032813 0.039062
0 0.399219 0.121875 0.035937 0.034375
0 0.516406 0.125781 0.023438 0.023438
0 0.450000 0.125781 0.028125 0.026562
0 0.252344 0.110937 0.032813 0.034375
0 0.064062 0.117188 0.021875 0.025000
0 0.128125 0.116406 0.025000 0.026562
0 0.325000 0.113281 0.028125 0.029687
0 0.957031 0.067969 0.020313 0.014063
0 0.773438 0.059375 0.025000 0.025000
0 0.718750 0.063281 0.028125 0.029687
0 0.646094 0.060937 0.032813 0.034375
0 0.582812 0.057813 0.034375 0.031250
0 0.521875 0.052344 0.031250 0.035937
0 0.459375 0.049219 0.037500 0.032813
0 0.396875 0.046094 0.031250 0.026562
0 0.222656 0.036719 0.035937 0.032813
0 0.340625 0.043750 0.037500 0.037500
0 0.079687 0.040625 0.037500 0.034375
0 0.155469 0.035156 0.023438 0.026562
0 0.280469 0.037500 0.039062 0.037500
0 0.026562 0.028906 0.031250 0.029687
0 0.902344 0.067969 0.032813 0.035937
0 0.833594 0.068750 0.023438 0.034375
0 0.768750 0.143750 0.034375 0.037500
0 0.173437 0.292969 0.034375 0.032813
0 0.875781 0.148438 0.039062 0.031250
0 0.932813 0.154688 0.025000 0.034375
0 0.759375 0.246094 0.034375 0.035937
0 0.614062 0.306250 0.034375 0.028125
0 0.514844 0.217188 0.042188 0.031250
0 0.807813 0.317969 0.028125 0.035937