0 0.550000 0.336719 0.034375 0.032813
0 0.684375 0.340625 0.031250 0.025000
0 0.608594 0.336719 0.029687 0.029687
0 0.425000 0.329688 0.025000 0.021875
0 0.491406 0.331250 0.029687 0.028125
0 0.175781 0.321094 0.029687 0.032813
0 0.243750 0.317188 0.028125 0.028125
0 0.050000 0.303125 0.021875 0.018750
0 0.690625 0.256250 0.025000 0.021875
0 0.560156 0.257812 0.026562 0.028125
0 0.432812 0.256250 0.031250 0.028125
0 0.631250 0.256250 0.021875 0.021875
0 0.501563 0.246094 0.021875 0.023438
0 0.557813 0.167187 0.031250 0.037500
0 0.702344 0.167969 0.023438 0.023438
0 0.635938 0.161719 0.021875 0.023438
0 0.197656 0.146094 0.032813 0.039062
0 0.016406 0.125781 0.023438 0.023438
0 0.783594 0.085156 0.014063 0.014063
0 0.846875 0.080469 0.021875 0.014063
0 0.587500 0.071875 0.018750 0.009375
0 0.721094 0.075781 0.023438 0.020313
0 0.457031 0.067969 0.020313 0.014063
0 0.657813 0.069531 0.021875 0.023438
0 0.526563 0.068750 0.028125 0.028125
0 0.273438 0.059375 0.025000 0.025000
0 0.218750 0.063281 0.028125 0.029687
0 0.146094 0.060937 0.032813 0.034375
0 0.082812 0.057813 0.034375 0.031250
0 0.021875 0.052344 0.031250 0.035937
0 0.871875 0.171875 0.028125 0.031250
0 0.402344 0.067969 0.032813 0.035937
0 0.333594 0.068750 0.023438 0.034375
0 0.268750 0.143750 0.034375 0.037500
0 0.375781 0.148438 0.039062 0.031250
0 0.432812 0.154688 0.025000 0.034375
0 0.259375 0.246094 0.034375 0.035937
0 0.114062 0.306250 0.034375 0.028125
0 0.307812 0.317969 0.028125 0.035937
0 0.809375 0.173437 0.031250 0.028125
0 0.754687 0.178125 0.025000 0.021875
0 0.737500 0.347656 0.031250 0.032813